1000
4 41 167
28 58 145
31 56 144
55 77 138
55 70 22
74 91 84
80 105 270
86 128 195
115 131 9
118 141 90
122 156 114
137 145 112
144 156 158
150 178 99
177 182 217
206 223 230
221 266 235
236 282 150
256 284 56
261 263 75
291 314 132
313 333 298
327 349 148
350 397 131
373 398 132
375 409 248
402 437 280
410 446 116
432 471 79
434 479 68
434 483 67
456 462 247
480 489 238
505 526 122
520 566 241
541 547 199
555 587 271
581 599 177
605 615 181
612 644 113
619 652 270
623 669 97
628 678 175
657 688 281
675 716 165
687 726 137
701 730 94
715 723 166
736 775 91
762 785 268
773 813 57
797 828 68
825 846 84
831 844 197
851 856 38
866 881 257
885 932 63
908 942 33
919 940 67
948 996 175
958 997 146
987 1025 163
988 1018 86
1001 1022 276
1002 1028 107
1023 1062 48
1035 1070 85
1052 1091 151
1079 1124 140
1103 1119 222
1111 1134 175
1116 1134 283
1142 1178 283
1162 1181 266
1178 1179 182
1196 1200 155
1226 1263 206
1244 1254 83
1265 1295 68
1280 1325 66
1309 1337 194
1334 1344 297
1335 1336 71
1356 1359 234
1358 1399 129
1364 1403 281
1391 1426 172
1410 1432 163
1421 1444 233
1436 1452 286
1458 1506 276
1470 1481 11
1480 1499 229
1509 1555 288
1539 1580 185
1551 1577 41
1578 1613 261
1604 1629 33
1612 1634 185
1628 1668 233
1645 1650 171
1662 1682 152
1685 1725 150
1694 1734 177
1698 1729 110
1718 1765 153
1743 1791 70
1763 1787 74
1779 1800 225
1791 1796 66
1817 1857 82
1841 1868 272
1867 1878 71
1884 1914 254
1908 1954 23
1919 1933 120
1931 1970 201
1958 1963 155
1975 2011 288
1996 2034 8
2014 2032 153
2042 2060 189
2046 2058 68
2047 2065 127
2068 2082 24
2095 2096 170
2108 2140 181
2108 2157 272
2130 2164 22
2159 2161 161
2165 2205 133
2174 2200 95
2196 2240 154
2208 2214 239
2237 2257 26
2241 2285 180
2259 2296 270
2260 2291 141
2280 2288 247
2291 2337 47
2304 2329 250
2312 2356 56
2341 2366 78
2360 2398 9
2383 2419 26
2393 2425 285
2398 2412 44
2412 2451 82
2430 2458 251
2456 2504 146
2479 2521 6
2486 2533 195
2498 2514 264
2524 2560 217
2535 2567 230
2560 2585 206
2570 2590 291
2599 2602 69
2616 2626 61
2631 2635 237
2631 2676 38
2640 2666 299
2645 2689 55
2652 2667 252
2663 2684 126
2667 2709 168
2690 2719 12
2707 2738 212
2710 2722 258
2729 2751 215
2751 2771 128
2755 2785 118
2763 2813 154
2789 2817 251
2800 2828 255
2820 2842 294
2834 2847 117
2860 2863 173
2875 2909 31
2895 2933 4
2896 2898 43
2913 2952 24
2924 2961 68
2933 2951 4
2962 2980 152
2976 3008 247
2982 2997 106
2990 3030 93
3004 3048 90
3026 3046 78
3050 3075 153
3052 3080 70
3069 3077 73
3082 3090 223
3105 3138 269
3106 3129 279
3114 3140 199
3124 3144 233
3154 3193 203
3184 3215 106
3213 3229 43
3213 3243 113
3236 3279 258
3251 3296 273
3251 3282 73
3273 3307 28
3275 3290 251
3277 3292 249
3299 3300 25
3312 3355 217
3339 3387 206
3353 3379 291
3383 3410 16
3399 3408 216
3400 3427 11
3412 3438 40
3418 3462 148
3444 3447 220
3464 3508 270
3464 3467 47
3480 3482 230
3494 3521 254
3504 3547 187
3532 3540 199
3554 3556 62
3581 3605 206
3589 3590 52
3613 3651 271
3631 3658 164
3636 3679 230
3657 3678 268
3680 3684 118
3702 3747 65
3703 3734 276
3708 3747 258
3709 3711 78
3733 3737 147
3746 3775 67
3748 3782 210
3758 3784 149
3766 3809 242
3779 3800 278
3808 3834 101
3826 3873 26
3831 3840 29
3851 3886 178
3865 3873 89
3870 3919 250
3874 3911 218
3877 3896 269
3893 3938 278
3898 3916 113
3902 3906 293
3903 3920 288
3928 3933 229
3930 3956 79
3944 3945 299
3947 3955 215
3962 3992 70
3988 4023 37
3998 4032 230
4003 4017 7
4011 4025 58
4027 4056 229
4034 4036 120
4041 4088 38
4052 4067 46
4062 4090 13
4090 4100 65
4092 4097 114
4112 4157 229
4125 4133 1
4150 4191 55
4180 4181 130
4188 4225 222
4201 4230 210
4202 4251 233
4202 4215 171
4226 4245 267
4238 4262 290
4245 4260 128
4253 4263 202
4259 4273 241
4274 4304 290
4286 4316 293
4288 4299 223
4296 4332 173
4310 4314 9
4340 4341 11
4341 4352 178
4346 4353 278
4347 4354 205
4370 4404 48
4387 4435 203
4406 4446 284
4420 4468 205
4431 4444 266
4459 4507 149
4481 4521 109
4482 4530 93
4509 4547 74
4527 4555 104
4530 4551 190
4530 4563 40
4557 4594 132
4583 4626 113
4592 4615 295
4608 4649 221
4625 4642 222
4653 4688 285
4680 4708 299
4695 4702 160
4708 4747 26
4717 4754 76
4734 4752 204
4764 4808 198
4772 4773 182
4783 4794 97
4784 4807 120
4791 4831 150
4811 4832 221
4819 4828 82
4838 4868 152
4848 4883 173
4878 4899 217
4885 4930 129
4887 4893 35
4912 4926 154
4924 4970 137
4952 4975 167
4979 5023 168
5005 5029 216
5023 5037 12
5048 5091 116
5075 5097 120
5086 5126 268
5105 5108 278
5129 5169 19
5132 5134 57
5138 5159 144
5165 5214 12
5179 5219 132
5207 5238 261
5220 5221 198
5246 5292 92
5259 5296 257
5283 5301 195
5294 5337 79
5300 5305 251
5320 5331 199
5342 5389 273
5346 5347 7
5372 5387 187
5381 5428 219
5401 5422 53
5430 5456 285
5431 5446 64
5443 5492 91
5472 5501 70
5488 5527 104
5494 5530 121
5511 5521 1
5536 5580 259
5542 5585 11
5564 5585 12
5571 5575 79
5584 5604 217
5611 5640 152
5618 5627 284
5638 5677 7
5640 5655 12
5654 5656 90
5673 5675 190
5695 5724 157
5710 5711 62
5730 5757 300
5746 5774 43
5764 5774 193
5786 5789 283
5811 5817 100
5822 5845 118
5831 5875 109
5856 5866 270
5863 5905 298
5869 5917 193
5892 5939 82
5905 5924 71
5911 5940 18
5913 5937 293
5939 5955 40
5944 5945 94
5960 6007 1
5971 5977 232
5971 5999 46
5987 6000 12
5998 6011 91
6004 6045 138
6028 6060 264
6041 6051 159
6069 6111 291
6090 6104 157
6099 6111 231
6125 6144 92
6154 6183 52
6165 6210 226
6166 6189 201
6184 6218 131
6205 6237 17
6223 6233 12
6232 6252 85
6239 6246 44
6248 6259 118
6274 6286 34
6289 6336 300
6292 6304 4
6296 6320 232
6320 6336 59
6322 6341 174
6344 6381 193
6355 6396 123
6356 6366 288
6365 6378 31
6391 6429 11
6421 6457 114
6443 6472 267
6473 6481 45
6491 6523 290
6503 6548 28
6512 6535 102
6514 6530 27
6535 6542 288
6538 6547 32
6563 6604 168
6571 6604 18
6578 6627 141
6602 6626 149
6624 6670 180
6630 6642 56
6631 6632 206
6639 6677 224
6651 6672 196
6674 6706 203
6680 6688 132
6689 6733 191
6690 6695 132
6716 6760 133
6729 6759 119
6732 6738 94
6743 6790 187
6746 6763 130
6774 6776 110
6788 6816 112
6801 6823 250
6809 6812 277
6827 6863 246
6839 6881 295
6867 6890 299
6882 6888 18
6886 6908 84
6910 6940 162
6913 6919 293
6917 6935 88
6917 6952 24
6934 6968 26
6942 6984 270
6964 6991 163
6968 7003 27
6984 7001 137
7004 7049 272
7016 7023 17
7037 7056 250
7058 7086 185
7079 7084 150
7085 7098 34
7088 7128 286
7096 7123 13
7122 7159 250
7128 7159 200
7136 7171 110
7157 7161 3
7173 7179 35
7185 7212 244
7211 7242 260
7228 7265 298
7229 7239 79
7251 7263 135
7258 7305 253
7287 7323 296
7314 7352 65
7320 7324 99
7343 7345 124
7353 7384 147
7370 7392 245
7375 7389 255
7403 7436 292
7409 7457 225
7429 7466 246
7432 7474 12
7437 7449 113
7465 7505 206
7479 7525 246
7479 7529 251
7486 7520 201
7491 7510 258
7518 7556 249
7542 7555 195
7571 7594 287
7574 7576 74
7585 7602 75
7585 7598 120
7585 7599 96
7592 7602 196
7607 7654 189
7610 7658 299
7624 7671 245
7639 7640 103
7643 7653 258
7649 7687 172
7667 7714 48
7694 7715 44
7710 7755 162
7726 7761 13
7750 7754 284
7762 7792 103
7784 7797 140
7791 7804 299
7818 7820 116
7819 7843 195
7845 7863 146
7871 7900 110
7875 7909 245
7883 7914 174
7890 7904 286
7892 7942 122
7905 7935 238
7932 7946 45
7958 7996 149
7982 8019 116
7994 8009 284
8023 8043 267
8028 8054 177
8036 8055 20
8038 8041 249
8049 8089 292
8072 8112 87
8082 8109 229
8102 8103 143
8104 8133 13
8107 8136 44
8123 8146 200
8145 8177 216
8161 8209 155
8168 8178 127
8196 8199 80
8201 8236 61
8218 8228 144
8244 8281 66
8251 8270 94
8281 8313 257
8296 8316 5
8326 8376 231
8347 8381 65
8375 8425 69
8397 8406 8
8421 8444 254
8438 8485 227
8449 8488 129
8479 8496 153
8497 8507 25
8509 8527 94
8516 8559 281
8520 8542 130
8524 8525 278
8534 8568 57
8563 8594 224
8577 8589 261
8595 8597 85
8620 8670 172
8650 8673 148
8676 8682 48
8684 8734 6
8704 8745 45
8714 8716 11
8714 8742 175
8733 8765 173
8749 8797 114
8761 8767 223
8790 8811 279
8808 8849 34
8828 8862 230
8849 8860 179
8876 8925 240
8879 8902 160
8901 8930 221
8911 8954 46
8936 8982 48
8950 8955 259
8964 9008 103
8991 9036 139
8994 9022 153
9021 9059 150
9050 9099 204
9065 9067 35
9082 9099 124
9107 9125 11
9123 9133 75
9138 9166 281
9145 9171 269
9159 9180 171
9159 9209 61
9181 9187 213
9197 9222 160
9222 9257 92
9226 9233 111
9244 9255 30
9259 9295 89
9286 9335 74
9311 9324 162
9338 9370 53
9344 9393 96
9370 9407 60
9374 9390 184
9376 9418 129
9399 9429 249
9408 9456 244
9426 9427 293
9440 9478 223
9463 9471 14
9490 9534 222
9504 9536 55
9524 9552 224
9535 9569 2
9537 9572 109
9543 9586 43
9559 9601 124
9561 9598 57
9577 9578 6
9580 9620 263
9593 9633 255
9610 9621 273
9612 9634 286
9628 9647 151
9628 9668 117
9635 9681 47
9658 9681 28
9686 9702 298
9714 9748 125
9744 9758 78
9754 9774 208
9768 9777 6
9782 9795 14
9784 9832 105
9805 9830 189
9825 9851 121
9841 9842 38
9850 9866 27
9874 9878 45
9877 9878 96
9905 9922 168
9907 9912 275
9936 9955 221
9961 10009 97
9962 9970 196
9962 9990 173
9982 10009 206
9984 10014 81
10013 10048 92
10043 10051 235
10064 10068 145
10080 10117 106
10104 10138 177
10129 10152 246
10143 10161 59
10159 10186 40
10177 10215 103
10189 10200 168
10193 10225 54
10193 10221 164
10201 10248 222
10206 10217 227
10218 10222 11
10232 10278 90
10251 10300 277
10262 10269 41
10269 10288 85
10273 10287 191
10291 10292 126
10308 10317 21
10319 10369 265
10329 10366 146
10354 10377 131
10356 10402 169
10376 10405 49
10396 10407 207
10425 10428 48
10448 10451 113
10450 10472 93
10470 10471 246
10483 10497 113
10505 10522 90
10528 10558 239
10532 10559 174
10554 10590 235
10558 10605 69
10585 10611 150
10604 10626 229
10627 10658 213
10636 10677 12
10649 10666 134
10662 10677 23
10673 10690 161
10679 10684 17
10687 10706 186
10714 10730 210
10735 10747 256
10738 10756 216
10754 10760 36
10763 10800 143
10774 10811 119
10780 10810 237
10788 10793 123
10811 10851 178
10834 10871 224
10859 10877 164
10872 10873 300
10880 10885 293
10885 10917 152
10909 10952 33
10916 10959 50
10928 10978 36
10932 10979 103
10943 10944 69
10944 10981 201
10957 10961 258
10972 10984 216
10973 10999 86
10987 11031 296
10995 11037 118
11022 11033 147
11041 11084 261
11070 11102 272
11095 11108 166
11098 11133 31
11112 11117 157
11126 11128 231
11152 11163 102
11157 11175 89
11168 11169 177
11182 11190 261
11193 11230 19
11214 11217 183
11225 11272 268
11244 11248 34
11270 11314 273
11275 11293 140
11292 11312 117
11297 11332 285
11300 11326 137
11306 11321 35
11306 11341 43
11312 11357 71
11330 11363 89
11339 11384 131
11343 11388 124
11366 11373 81
11395 11430 129
11413 11463 168
11434 11465 158
11463 11487 210
11469 11515 245
11498 11535 229
11526 11549 202
11549 11577 26
11569 11601 284
11596 11617 84
11604 11627 86
11606 11636 181
11630 11633 3
11640 11642 200
11642 11656 191
11643 11653 39
11655 11657 290
11661 11694 288
11686 11717 211
11711 11739 177
11713 11757 28
11731 11760 299
11735 11773 77
11746 11770 77
11774 11782 45
11789 11826 169
11812 11862 263
11827 11871 200
11839 11879 204
11854 11867 87
11878 11892 250
11883 11918 150
11900 11908 270
11911 11961 278
11930 11946 189
11936 11985 96
11959 11969 230
11987 11994 289
11997 12033 82
12023 12033 49
12042 12081 231
12054 12071 53
12074 12117 66
12084 12103 24
12102 12147 230
12124 12149 109
12134 12164 143
12156 12165 186
12182 12186 186
12196 12217 42
12214 12236 179
12242 12247 87
12250 12292 293
12279 12280 189
12308 12310 155
12310 12328 17
12334 12376 193
12346 12375 125
12354 12386 26
12377 12379 300
12381 12421 66
12399 12411 45
12403 12443 4
12428 12464 271
12447 12484 68
12458 12473 85
12488 12530 189
12504 12506 286
12516 12520 100
12519 12529 11
12523 12565 192
12541 12555 259
12560 12586 127
12590 12595 38
12614 12637 247
12640 12688 203
12651 12666 68
12677 12718 144
12690 12714 290
12700 12749 187
12715 12762 215
12721 12758 78
12736 12750 213
12763 12796 250
12769 12801 43
12788 12821 22
12796 12839 179
12814 12821 296
12825 12846 106
12834 12862 228
12860 12880 133
12886 12919 225
12914 12929 283
12934 12968 297
12951 12974 194
12970 13005 125
13000 13045 115
13000 13006 30
13029 13049 88
13034 13065 5
13043 13073 149
13043 13061 158
13070 13091 167
13099 13119 247
13106 13146 151
13106 13148 172
13109 13124 277
13125 13172 255
13154 13196 202
13177 13206 142
13190 13236 58
13193 13216 210
13210 13256 164
13237 13281 35
13263 13310 127
13282 13319 95
13296 13302 66
13303 13353 57
13310 13331 181
13337 13361 167
13343 13375 11
13343 13352 262
13373 13410 44
13399 13448 240
13420 13469 13
13421 13436 25
13429 13432 177
13434 13484 25
13446 13487 250
13448 13475 292
13471 13505 210
13482 13523 280
13510 13523 87
13534 13535 281
13538 13565 67
13547 13551 91
13571 13619 108
13598 13602 285
13615 13627 282
13637 13677 209
13655 13662 224
13685 13713 178
13715 13743 132
13717 13751 246
13743 13792 176
13767 13790 207
13770 13788 132
13783 13813 113
13787 13793 133
13795 13805 21
13813 13827 18
13828 13863 88
13829 13873 227
13834 13847 114
13857 13868 202
13871 13880 240
13876 13906 201
13885 13886 246
13909 13944 244
13918 13920 222
13935 13941 42
13953 13982 256
13981 13989 75
13999 14035 29
14000 14021 169
14016 14052 108
14021 14041 300
14049 14099 116
14079 14095 58
14088 14131 4
14109 14150 219
14109 14121 6
14126 14128 38
14155 14168 153
14165 14206 96
14181 14224 285
14197 14215 12
14218 14251 167
14242 14283 135
14265 14292 230
14286 14297 171
14309 14312 280
14337 14367 273
14353 14379 291
14364 14406 154
14392 14435 124
14410 14424 270
14432 14454 140
14441 14479 246
14447 14452 63
14476 14522 129
14486 14523 160
14505 14515 71
14528 14540 152
14544 14565 140
14573 14577 147
14578 14590 80
14602 14623 9
14602 14640 294
14607 14612 219
14632 14674 286
14637 14681 47
14659 14672 254
14664 14712 23
14668 14710 69
14679 14691 19
14709 14713 118
14713 14759 124
14732 14744 58
14740 14753 59
14760 14807 74
14790 14832 83
14806 14829 234
14827 14850 37
14837 14877 127
14865 14913 131
14870 14871 77
14900 14921 59
14901 14917 293
14928 14944 135
14939 14951 41
14945 14952 177
14959 14964 224
14977 15018 247
15001 15018 33
15002 15029 161
15012 15057 16
15034 15040 24
15061 15086 167
15083 15102 101
15099 15122 140
15110 15155 82
15128 15152 84
15156 15184 164
15180 15208 55
