5000
30 56 69
47 49 58
56 78 268
82 120 154
88 89 146
104 120 300
107 153 25
110 152 32
132 170 120
132 151 5
138 188 222
160 210 187
161 199 273
162 205 284
166 213 142
187 226 239
196 223 102
210 228 33
216 252 27
229 260 34
229 250 166
257 260 93
266 274 199
267 302 164
290 315 5
309 317 159
321 329 40
341 354 134
355 383 195
377 380 185
378 415 253
388 418 252
396 403 101
414 422 220
440 449 152
462 470 150
481 484 271
504 542 179
505 549 235
519 535 177
529 565 243
558 578 167
583 622 270
589 638 7
591 613 204
592 638 161
599 640 169
629 631 229
630 677 8
656 665 68
660 665 105
661 683 260
671 716 3
672 717 253
693 727 93
714 757 102
743 748 116
773 820 54
787 802 10
788 810 46
811 851 7
812 815 61
827 850 137
845 872 222
845 869 227
855 857 84
859 866 282
888 918 257
897 927 239
918 964 239
948 988 260
963 996 71
983 1015 298
1010 1024 37
1037 1070 293
1056 1097 156
1074 1113 109
1074 1076 283
1074 1091 192
1080 1102 105
1081 1109 48
1110 1138 270
1128 1168 108
1142 1164 140
1146 1162 263
1159 1170 187
1163 1199 54
1187 1207 95
1207 1235 286
1221 1269 64
1239 1250 74
1257 1284 102
1285 1326 272
1292 1293 244
1317 1324 14
1333 1370 73
1345 1373 129
1350 1393 183
1365 1401 21
1375 1410 282
1382 1420 81
1389 1411 209
1397 1444 230
1412 1454 255
1433 1446 196
1443 1486 242
1465 1500 124
1471 1495 99
1476 1522 220
1495 1503 226
1498 1506 41
1517 1548 137
1542 1590 279
1568 1573 153
1577 1580 121
1584 1588 122
1597 1631 145
1620 1624 84
1620 1628 298
1624 1637 297
1648 1665 196
1661 1704 21
1662 1686 106
1684 1688 53
1712 1731 31
1713 1763 201
1723 1736 98
1739 1773 78
1739 1784 74
1760 1802 11
1760 1775 215
1762 1805 32
1777 1799 92
1793 1818 130
1793 1798 257
1800 1840 130
1827 1853 168
1846 1885 134
1855 1897 98
1879 1925 275
1880 1896 115
1893 1938 158
1894 1943 118
1896 1936 157
1908 1919 192
1925 1930 260
1940 1962 287
1944 1968 95
1967 1995 48
1973 1983 49
2003 2049 263
2017 2064 279
2017 2035 247
2035 2043 141
2064 2077 300
2065 2066 249
2079 2107 68
2083 2115 131
2100 2146 270
2116 2123 15
2146 2177 190
2154 2167 218
2159 2162 10
2164 2192 219
2165 2202 173
2195 2225 27
2212 2233 75
2241 2283 284
2264 2271 170
2289 2312 291
2297 2318 268
2301 2308 4
2316 2362 65
2318 2352 282
2325 2337 199
2325 2357 169
2345 2382 57
2362 2402 187
2366 2375 131
2393 2396 15
2397 2402 106
2419 2450 20
2422 2433 204
2447 2461 97
2448 2482 262
2449 2482 71
2459 2476 116
2460 2461 109
2486 2524 56
2508 2538 54
2532 2570 219
2547 2566 231
2564 2569 284
2581 2582 5
2611 2660 157
2638 2647 18
2660 2684 110
2672 2684 192
2688 2706 218
2695 2720 16
2715 2735 155
2730 2751 93
2756 2768 105
2758 2769 61
2781 2831 287
2798 2822 84
2822 2833 194
2850 2877 217
2857 2885 241
2863 2905 81
2864 2905 134
2892 2938 262
2915 2957 262
2943 2969 286
2965 2989 141
2978 2981 202
2996 3015 90
3008 3039 153
3026 3070 276
3040 3052 114
3057 3067 106
3061 3074 246
3085 3094 97
3107 3120 174
3124 3164 278
3144 3173 238
3168 3182 217
3192 3195 247
3219 3220 196
3226 3268 277
3254 3279 42
3261 3266 260
3289 3319 18
3297 3301 232
3320 3339 87
3347 3392 208
3354 3365 229
3380 3392 4
3385 3415 104
3391 3420 173
3391 3435 84
3414 3456 147
3429 3452 276
3449 3478 125
3472 3508 188
3478 3490 213
3494 3542 16
3495 3529 216
3505 3552 265
3508 3545 172
3513 3561 37
3529 3556 278
3532 3564 260
3546 3591 34
3574 3603 66
3595 3612 169
3620 3659 222
3644 3647 250
3649 3683 225
3671 3685 224
3696 3741 16
3696 3703 132
3718 3755 220
3728 3745 244
3745 3788 36
3774 3810 293
3783 3805 16
3788 3794 268
3804 3831 90
3807 3811 231
3837 3849 259
3852 3882 111
3875 3880 213
3885 3925 148
3895 3916 126
3912 3945 160
3928 3978 257
3947 3975 280
3950 3985 85
3951 3968 70
3980 4025 8
4010 4055 172
4022 4039 212
4046 4084 194
4053 4072 238
4059 4087 57
4088 4101 108
4102 4121 263
4131 4144 287
4139 4163 212
4157 4199 114
4161 4189 106
4177 4203 209
4186 4223 86
4192 4203 232
4199 4226 50
4208 4231 252
4220 4259 5
4242 4263 233
4261 4280 145
4277 4304 31
4277 4290 220
4278 4287 175
4289 4317 300
4306 4340 78
4332 4372 211
4352 4378 171
4356 4395 126
4369 4383 253
4387 4426 97
4407 4447 15
4407 4411 231
4413 4416 254
4443 4465 184
4452 4455 254
4474 4494 117
4479 4488 183
4498 4504 148
4508 4557 167
4518 4533 298
4535 4537 122
4552 4564 99
4568 4609 212
4571 4614 23
4581 4628 184
4589 4623 97
4613 4658 225
4627 4642 261
4637 4660 191
4660 4705 225
4671 4683 209
4689 4724 42
4704 4745 183
4715 4741 189
4737 4747 172
4767 4796 265
4790 4797 71
4799 4826 289
4828 4874 210
4843 4886 100
4863 4904 112
4864 4890 279
4871 4911 265
4883 4929 70
4913 4962 240
4926 4969 53
4953 5001 240
4976 4993 162
4981 5006 220
4984 5002 276
4987 5000 107
4994 5004 163
4996 5034 231
5013 5028 65
5019 5041 121
5047 5051 117
5065 5094 170
5072 5084 129
5073 5102 289
5078 5098 35
5088 5108 14
5113 5153 183
5113 5124 86
5118 5123 287
5148 5160 282
5164 5199 262
5186 5202 225
5211 5252 31
5222 5243 150
5240 5271 121
5246 5259 269
5248 5296 176
5255 5275 122
5284 5301 197
5308 5326 186
5325 5367 213
5335 5351 110
5359 5402 287
5372 5418 203
5394 5434 145
5423 5434 50
5442 5452 214
5469 5517 149
5490 5495 119
5506 5518 61
5530 5554 263
5537 5568 8
5567 5600 137
5584 5634 224
5611 5636 275
5611 5647 18
5637 5662 211
5647 5669 268
5664 5702 21
5671 5677 245
5682 5714 220
5692 5740 53
5713 5719 150
5727 5738 62
5731 5769 118
5741 5783 141
5766 5788 26
5794 5842 239
5805 5820 138
5833 5852 233
5833 5868 60
5850 5872 111
5876 5913 16
5877 5888 100
5896 5907 56
5913 5929 107
5934 5956 297
5953 5956 198
5969 6002 1
5974 6006 220
5987 6027 154
5993 5995 124
5999 6037 296
6016 6059 99
6018 6068 234
6030 6043 21
6044 6067 99
6047 6079 259
6049 6081 191
6069 6113 19
6074 6096 12
6095 6116 222
6117 6139 274
6119 6137 29
6145 6166 283
6150 6199 241
6173 6197 234
6197 6201 62
6208 6253 296
6225 6269 250
6247 6263 227
6256 6259 257
6271 6300 31
6284 6329 289
6293 6336 204
6308 6324 264
6316 6346 17
6335 6341 143
6339 6341 231
6361 6379 156
6362 6410 279
6384 6391 114
6402 6447 45
6418 6430 164
6421 6448 49
6424 6436 246
6452 6469 21
6475 6519 289
6502 6505 46
6503 6539 161
6516 6558 290
6528 6558 204
6549 6586 224
6579 6615 258
6604 6617 235
6610 6647 163
6628 6663 252
6653 6702 182
6654 6678 295
6659 6692 283
6663 6687 174
6670 6710 157
6673 6675 274
6675 6681 91
6693 6739 5
6698 6708 251
6713 6743 127
6722 6739 63
6744 6756 275
6752 6755 209
6776 6800 79
6779 6815 300
6790 6836 255
6809 6828 9
6812 6849 149
6817 6841 261
6827 6871 228
6835 6861 242
6857 6865 124
6865 6885 132
6890 6906 296
6895 6938 73
6924 6943 69
6935 6936 21
6940 6990 32
6962 7007 263
6974 6991 36
6992 7012 61
7014 7025 266
7030 7065 185
7044 7075 91
7063 7090 159
7089 7135 269
7090 7118 256
7096 7143 200
7099 7133 208
7123 7144 45
7139 7140 92
7146 7188 151
7153 7197 297
7183 7215 222
7200 7213 108
7227 7236 279
7230 7267 194
7241 7263 37
7260 7275 77
7270 7278 144
7297 7315 193
7322 7325 7
7338 7376 212
7362 7383 229
7390 7404 273
7405 7438 108
7408 7440 118
7422 7449 65
7423 7468 49
7431 7469 64
7434 7435 283
7458 7469 21
7468 7486 153
7497 7531 267
7497 7532 170
7515 7556 143
7537 7573 200
7543 7583 272
7543 7573 200
7569 7574 71
7571 7610 21
7573 7586 202
7589 7614 234
7590 7602 89
7596 7630 89
7598 7634 147
7621 7665 264
7641 7683 155
7651 7680 70
7653 7664 52
7683 7710 162
7709 7728 95
7732 7767 179
7761 7811 8
7766 7771 284
7793 7839 180
7803 7853 213
7827 7838 174
7855 7856 54
7857 7858 231
7857 7883 149
7882 7932 22
7888 7911 109
7900 7918 227
7912 7958 35
7926 7955 289
7954 7998 7
7964 7985 46
7982 8010 119
8010 8048 212
8037 8068 180
8038 8048 251
8061 8080 80
8077 8103 290
8084 8106 136
8102 8109 256
8114 8157 104
8119 8127 48
8144 8173 249
8154 8200 200
8157 8179 39
8180 8209 221
8195 8232 187
8205 8250 42
8231 8272 282
8242 8251 215
8257 8296 100
8286 8297 55
8299 8347 160
8313 8323 208
8327 8362 228
8328 8356 234
8343 8351 74
8368 8414 114
8397 8439 169
8398 8430 253
8401 8403 159
8409 8459 16
8438 8473 285
8467 8499 258
8497 8543 130
8518 8567 65
8519 8523 50
8521 8566 83
8543 8580 76
8551 8572 82
8561 8563 22
8576 8613 209
8592 8597 147
8611 8658 226
8638 8688 15
8640 8688 149
8670 8707 138
8677 8721 289
8684 8725 53
8703 8730 286
8728 8769 256
8748 8753 85
8758 8759 195
8787 8828 105
8806 8812 199
8813 8823 243
8843 8891 276
8866 8913 12
8871 8909 2
8871 8913 82
8899 8923 286
8921 8923 264
8939 8977 118
8945 8978 261
8949 8966 127
8976 8987 270
9006 9042 224
9024 9037 51
9051 9080 78
9067 9082 9
9081 9108 56
9096 9114 20
9118 9165 4
9137 9160 4
9146 9172 85
9148 9197 22
9165 9188 143
9185 9196 158
9200 9242 67
9222 9251 6
9225 9273 111
9249 9280 17
9260 9280 133
9268 9314 246
9280 9328 75
9297 9321 229
9306 9340 49
9307 9352 136
9335 9380 166
9338 9383 192
9359 9362 89
9369 9376 145
9369 9396 90
9375 9377 248
9399 9404 21
9427 9472 278
9456 9467 39
9459 9504 188
9487 9516 29
9498 9531 268
9522 9564 257
9523 9549 122
9535 9577 126
9558 9569 53
9567 9575 238
9583 9621 214
9604 9609 81
9616 9636 165
9632 9635 75
9652 9687 173
9659 9707 246
9659 9690 32
9674 9676 123
9683 9723 204
9687 9721 89
9708 9724 53
9738 9774 119
9758 9801 236
9786 9787 270
9796 9809 158
9825 9861 117
9846 9895 116
9857 9867 298
9859 9900 266
9875 9889 60
9875 9906 251
9889 9915 249
9918 9929 235
9942 9970 168
9953 9999 24
9980 10006 27
9989 10035 162
10005 10037 191
10010 10018 127
10010 10055 225
10028 10057 82
10042 10085 279
10065 10111 144
10093 10113 162
10103 10110 244
10104 10129 198
10109 10137 285
10132 10176 251
10158 10179 1
10170 10177 43
10178 10225 56
10208 10242 92
10237 10259 162
10249 10284 269
10261 10303 231
10286 10288 226
10295 10332 291
10323 10333 249
10325 10354 197
10332 10347 176
10353 10374 70
10372 10383 210
10373 10420 10
10383 10385 200
10396 10410 201
10414 10454 271
10415 10462 32
10435 10469 282
10464 10513 45
10486 10502 232
10497 10504 53
10502 10548 113
10531 10581 259
10543 10563 248
10556 10592 205
10570 10583 226
10574 10603 120
10603 10635 38
10603 10634 86
10632 10639 288
10654 10697 238
10676 10702 173
10683 10689 250
10689 10690 56
10692 10739 58
10702 10732 229
10732 10777 32
10761 10806 292
10767 10801 22
10794 10835 70
10814 10860 234
10825 10847 134
10850 10859 111
10856 10867 178
10875 10923 280
10877 10880 113
10905 10938 176
10918 10957 292
10941 10980 174
10957 10989 96
10959 10983 61
10972 10982 183
10987 10988 28
11010 11058 123
11029 11033 196
11046 11091 130
11051 11059 15
11062 11079 249
11080 11086 261
11084 11089 29
11095 11118 22
11123 11138 165
11141 11186 277
11161 11163 159
11173 11195 62
11198 11226 270
11226 11262 188
11256 11304 52
11268 11313 70
11285 11318 239
11315 11350 134
11342 11348 3
11369 11417 120
11388 11432 289
11393 11441 183
11396 11409 150
11400 11429 99
11428 11446 277
11455 11495 261
11460 11470 295
11469 11513 5
11478 11498 134
11498 11510 170
11505 11543 20
11510 11537 169
11533 11578 241
11548 11585 291
11569 11587 273
11581 11596 180
11587 11601 36
11603 11610 160
11606 11656 275
11614 11659 8
11640 11664 123
11652 11665 282
11681 11721 300
11685 11699 98
11685 11704 120
11714 11753 134
11716 11741 74
11716 11754 181
11720 11770 188
11741 11764 116
11749 11784 183
11756 11770 253
11768 11792 196
11786 11799 62
11806 11815 202
11828 11834 108
11833 11856 60
11844 11888 7
11869 11913 248
11887 11897 197
11888 11894 283
11898 11904 238
11902 11932 81
11916 11917 248
11933 11977 1
11958 12004 142
11969 11983 165
11983 11992 239
11987 12007 6
12010 12047 174
12035 12058 299
12053 12093 138
12071 12107 195
12096 12143 87
12102 12107 238
12110 12154 282
12132 12143 114
12136 12173 21
12164 12188 31
12174 12218 260
12194 12208 257
12204 12229 149
12204 12231 38
12228 12251 211
12242 12269 191
12246 12263 9
12251 12280 263
12252 12274 169
12280 12282 160
12301 12311 111
12311 12350 241
12319 12340 82
12349 12365 132
12371 12387 13
12374 12376 131
12377 12384 299
12402 12409 112
12426 12455 25
12434 12470 278
12438 12473 197
12466 12514 295
12484 12491 20
12504 12516 21
12525 12557 202
12551 12557 252
12566 12573 95
12586 12611 196
12612 12624 122
12625 12635 77
12654 12703 19
12670 12701 140
12689 12690 209
12689 12694 36
12697 12708 90
12700 12728 142
12719 12755 90
12729 12771 2
12732 12742 243
12761 12789 3
12785 12821 44
12800 12808 237
12822 12857 235
12849 12867 117
12870 12909 18
12875 12905 26
12877 12917 63
12894 12909 20
12903 12904 132
12906 12939 201
12930 12955 53
12958 12963 238
12973 13000 99
12985 13008 207
13000 13018 24
13021 13049 22
13036 13064 296
13048 13081 234
13055 13070 251
13076 13083 16
13094 13122 186
13116 13136 296
13123 13173 274
13150 13173 30
13175 13200 237
13178 13217 69
13185 13229 38
13188 13234 174
13218 13263 55
13224 13269 236
13229 13257 296
13254 13263 68
13258 13269 159
13280 13307 148
13282 13291 115
13307 13345 96
13333 13363 130
13352 13392 75
13370 13394 192
13379 13418 11
13386 13413 60
13391 13415 239
13392 13421 129
13410 13455 175
13413 13456 217
13424 13441 29
13430 13470 122
13456 13484 86
13469 13519 51
13495 13504 157
13507 13547 271
13516 13523 52
13528 13563 172
13545 13595 55
13562 13595 255
13562 13573 32
13590 13619 6
13592 13629 293
13594 13624 265
13603 13635 293
13623 13636 135
13633 13671 294
13640 13674 107
13667 13699 58
13675 13698 267
13675 13683 87
13689 13733 57
13702 13725 79
13710 13714 181
13719 13730 199
13745 13764 274
13755 13798 196
13777 13808 107
13794 13834 261
13815 13836 259
13817 13823 225
13818 13833 239
13823 13828 128
13825 13839 146
13848 13866 176
13875 13913 131
13891 13939 40
13911 13926 102
13920 13923 106
13945 13958 149
13960 13988 211
13985 14007 13
13997 14040 26
14026 14049 229
14050 14096 145
14056 14076 203
14086 14099 152
14098 14118 88
14103 14115 253
14113 14138 40
14127 14171 139
14141 14173 57
14146 14152 83
14153 14195 243
14155 14205 61
14175 14187 11
14202 14215 173
14207 14220 237
14236 14279 284
14237 14287 92
14254 14303 221
14265 14309 86
14270 14275 188
14277 14288 49
14289 14312 252
14289 14336 194
14289 14304 103
14315 14334 297
14316 14347 150
14333 14364 67
14346 14360 273
14373 14380 102
14398 14405 41
14425 14450 300
14435 14438 194
14447 14489 255
14467 14505 278
14488 14513 4
14509 14528 275
14528 14544 128
14547 14575 179
14549 14593 39
14549 14587 126
14574 14605 290
14594 14633 43
14602 14613 125
14613 14652 42
14615 14661 68
14633 14636 172
14633 14641 288
14657 14705 225
14675 14676 227
14684 14697 206
14697 14739 124
14700 14747 47
14719 14723 24
14741 14759 154
14754 14801 93
14760 14782 295
14789 14810 61
14804 14810 273
14824 14856 54
14826 14861 182
14856 14885 266
14866 14901 103
14888 14891 84
14892 14933 282
14895 14897 239
14905 14950 39
14930 14960 73
14935 14974 259
14958 14965 209
14962 15008 255
14988 15013 109
15010 15032 17
15025 15041 293
15044 15083 168
15053 15068 149
15081 15125 167
15084 15125 260
15101 15129 52
15110 15117 289
15140 15165 184
15160 15161 270
15181 15209 156
15184 15193 169
15209 15247 128
15229 15276 233
15238 15262 128
15268 15288 200
15276 15299 282
15289 15337 67
15289 15329 54
15303 15335 55
15324 15330 181
15330 15339 20
15335 15340 294
15363 15407 245
15366 15379 5
15369 15373 27
15387 15416 116
15391 15417 105
15406 15431 203
15411 15423 59
15431 15452 45
15438 15450 236
15455 15465 85
15485 15528 34
15514 15560 298
15538 15582 79
15556 15597 254
15566 15607 186
15579 15584 79
15599 15622 242
15610 15614 106
15622 15662 195
15630 15670 13
15655 15687 122
15683 15724 297
15701 15748 162
15728 15767 245
15740 15751 257
15741 15747 71
15760 15793 45
15782 15828 241
15788 15811 149
15811 15848 117
15820 15838 221
15846 15851 218
15867 15870 202
15878 15906 187
15897 15912 255
15902 15947 190
15906 15928 68
15921 15971 128
15950 15989 64
15958 16004 220
15967 16016 43
15969 15999 238
15993 16026 129
16006 16020 146
16025 16066 159
16038 16058 160
16046 16080 56
16074 16089 262
16091 16113 192
16103 16135 1
16110 16130 139
16114 16131 72
16144 16145 121
16148 16163 4
16165 16184 100
16184 16196 59
16200 16223 90
16209 16256 69
16209 16210 127
16227 16237 29
16239 16277 19
16269 16278 239
16282 16303 292
16302 16312 132
16315 16363 91
16343 16390 256
16348 16384 261
16375 16393 248
16398 16416 134
16398 16447 110
16403 16417 99
16403 16436 108
16429 16455 129
16459 16476 213
16462 16487 135
16462 16481 293
16468 16476 259
16472 16476 208
16500 16536 137
16522 16572 289
16551 16566 102
16554 16596 202
16575 16608 247
16590 16597 59
16595 16637 106
16610 16651 140
16616 16645 91
16625 16673 232
16632 16636 261
16638 16644 283
16649 16686 169
16669 16718 110
16692 16695 158
16693 16728 292
16700 16715 10
16704 16735 6
16711 16758 126
16711 16747 79
16734 16777 281
16752 16775 160
16780 16798 174
16805 16829 187
16831 16860 176
16837 16887 69
16851 16900 27
16869 16906 223
16871 16911 113
16895 16897 208
16903 16939 38
16920 16949 13
16920 16966 126
16946 16982 61
16952 16960 114
16980 17018 31
16986 17002 256
16997 17021 194
17010 17034 69
17016 17017 194
17038 17043 67
17060 17109 79
17084 17114 149
17097 17116 106
17113 17160 112
17131 17175 43
17144 17194 239
17165 17192 125
17169 17184 119
17191 17207 125
17191 17238 188
17220 17221 1
17233 17261 82
17257 17295 163
17282 17331 254
17292 17312 266
17316 17318 175
17342 17379 156
17354 17356 52
17366 17381 24
17370 17397 28
17394 17407 56
17398 17439 52
17416 17460 289
17418 17437 255
17423 17460 242
17432 17466 94
17432 17453 113
17435 17483 46
17437 17458 168
17437 17464 267
17450 17457 19
17452 17487 58
17459 17475 34
17463 17504 75
17480 17482 52
17504 17505 25
17518 17527 29
17525 17539 8
17527 17545 32
17539 17560 271
17550 17576 80
17559 17603 268
17580 17591 180
17592 17612 43
17603 17633 204
17604 17646 166
17617 17640 284
17629 17633 177
17632 17682 192
17632 17635 139
17632 17656 1
17634 17661 45
17645 17690 133
17657 17686 263
17674 17693 103
17694 17729 135
17719 17729 228
17724 17729 227
17745 17766 278
17767 17788 254
17781 17827 56
17790 17827 53
17818 17844 228
17842 17875 154
17869 17919 55
17892 17928 291
17915 17939 32
17919 17933 236
17938 17965 288
17945 17952 76
17954 17981 105
17962 17990 184
17966 17969 225
17978 17981 123
17999 18034 81
18006 18021 195
18030 18038 9
18052 18087 206
18075 18117 168
18094 18111 38
18110 18127 13
18119 18145 192
18144 18165 20
18155 18191 181
18158 18208 261
18185 18209 215
18209 18236 195
18216 18222 24
18230 18273 10
18260 18295 4
18286 18299 202
18305 18312 27
18326 18334 78
18353 18380 40
18371 18379 187
18398 18406 268
18400 18435 189
18422 18469 22
18442 18455 248
18461 18474 262
18489 18518 115
18499 18511 300
18523 18563 197
18551 18561 61
18581 18601 130
18604 18652 12
18634 18635 134
18661 18670 120
18673 18683 159
18686 18691 2
18713 18734 75
18719 18753 122
18741 18781 94
18751 18778 287
18756 18785 147
18764 18808 83
18777 18795 81
18779 18796 266
18787 18813 229
18789 18790 96
18817 18820 54
18831 18854 236
18855 18863 285
18860 18888 144
18861 18892 222
18882 18890 95
18905 18941 189
18906 18942 88
18935 18965 20
18961 18991 241
18964 19008 150
18976 19026 296
18981 18999 287
19008 19036 7
19033 19061 115
19047 19060 1
19054 19103 38
19059 19064 284
19089 19117 102
19107 19123 229
19119 19165 190
19126 19136 185
19130 19164 211
19138 19174 66
19141 19143 108
19150 19189 185
19168 19212 247
19188 19193 77
19205 19209 192
19219 19264 240
19249 19284 226
19257 19299 299
19264 19290 159
19279 19291 199
19279 19298 125
19307 19308 273
19328 19362 146
19343 19377 255
19364 19398 8
19371 19412 298
19397 19413 154
19404 19414 171
19434 19464 191
19455 19497 57
19485 19516 299
19485 19520 147
19500 19531 160
19520 19536 214
19545 19567 36
19553 19562 53
19576 19609 300
19577 19602 245
19595 19597 94
19625 19639 97
19632 19665 133
19655 19671 117
19681 19729 38
19686 19698 67
19695 19704 35
19718 19736 263
19721 19769 290
19724 19763 231
19739 19748 295
19741 19783 217
19763 19809 5
19792 19825 217
19805 19854 200
19816 19832 99
19825 19874 254
19836 19863 158
19854 19888 236
19873 19902 182
19895 19929 173
19896 19908 131
19897 19924 76
19914 19945 128
19922 19938 172
19938 19984 287
19944 19986 173
19970 20001 234
19974 19999 140
19985 20033 137
19993 20040 154
20006 20043 160
20024 20041 90
20038 20048 131
20057 20073 170
20067 20094 218
20068 20100 156
20088 20105 280
20106 20141 168
20124 20163 114
20144 20160 162
20168 20215 194
20186 20212 178
20209 20238 17
20232 20250 128
20253 20272 48
20278 20317 213
20292 20302 235
20303 20348 23
20328 20372 295
20328 20350 43
20337 20344 243
20365 20414 154
20371 20388 44
20392 20417 91
20408 20421 230
20437 20486 23
20439 20453 46
20463 20481 142
20486 20526 41
20511 20528 166
20521 20538 102
20531 20570 252
20535 20549 74
20548 20595 269
20550 20568 235
20560 20598 176
20579 20585 19
20595 20600 220
20609 20651 200
20609 20651 235
20616 20661 130
20616 20627 241
20636 20676 227
20657 20691 266
20668 20676 260
20695 20732 52
20722 20747 158
20725 20768 181
20730 20738 114
20755 20793 238
20772 20776 251
20798 20820 4
20804 20849 247
20817 20835 245
20828 20843 284
20830 20877 6
20847 20850 9
20866 20890 41
20889 20908 26
20896 20898 45
20915 20957 45
20940 20970 267
20949 20953 2
20957 20992 133
20963 20982 179
20963 21004 145
20974 20989 209
20996 21039 75
21018 21021 129
21043 21047 39
21069 21106 244
21075 21104 75
21085 21092 250
21090 21120 49
21111 21127 69
21114 21132 143
21132 21149 300
21136 21143 227
21156 21190 156
21175 21198 166
21202 21238 110
21207 21227 202
21217 21225 122
21225 21264 188
21230 21248 35
21257 21261 37
21279 21305 105
21289 21325 70
21307 21321 161
21334 21376 170
21356 21375 148
21367 21387 45
21394 21435 191
21403 21447 211
21412 21428 15
21418 21465 212
21428 21475 70
21452 21461 272
21468 21492 102
21498 21539 5
21508 21528 114
21526 21565 187
21528 21554 75
21544 21576 114
21568 21573 195
21581 21603 245
21588 21604 209
21592 21637 97
21613 21617 34
21617 21635 38
21638 21685 227
21652 21663 52
21677 21681 289
21706 21737 206
21706 21730 98
21706 21732 271
21722 21765 133
21747 21749 300
21766 21805 252
21787 21807 80
21789 21833 65
21804 21843 78
21808 21856 258
21814 21848 138
21827 21837 208
21845 21879 191
21853 21898 44
21854 21855 188
21859 21867 254
21869 21889 298
21887 21891 42
21894 21939 210
21911 21946 174
21928 21936 7
21954 21984 104
21978 22006 202
21998 22015 173
22005 22040 216
22028 22040 262
22034 22078 232
22064 22107 30
22064 22109 233
22092 22132 290
22118 22125 100
22133 22148 37
22141 22155 38
22153 22157 183
22183 22216 58
22192 22226 175
22195 22219 208
22215 22231 145
22240 22256 18
22248 22298 59
22263 22282 118
22266 22281 14
22283 22287 151
22302 22307 150
22330 22338 152
22358 22363 48
22367 22377 269
22384 22427 61
22411 22457 250
22423 22450 241
22436 22446 145
22442 22466 219
22447 22479 165
22470 22507 156
22497 22526 203
22499 22502 107
22505 22508 53
22514 22521 263
22521 22551 199
22538 22581 153
22559 22576 209
22574 22606 149
22580 22586 23
22582 22600 164
22588 22613 233
22598 22622 241
22610 22618 131
22631 22632 59
22643 22677 54
22645 22693 178
22657 22693 112
22678 22699 172
22691 22713 38
22710 22752 202
22716 22728 139
22735 22777 243
22765 22801 198
22788 22804 280
22798 22799 71
22810 22812 154
22826 22853 88
22827 22835 295
22841 22880 264
22854 22867 11
22857 22895 260
22866 22874 2
22872 22878 9
22898 22904 90
22907 22918 235
22907 22941 181
22934 22974 265
22947 22995 118
22952 22981 222
22958 22972 71
22978 23017 89
22997 23011 203
23022 23024 129
23040 23045 98
23047 23074 90
23059 23097 15
23080 23106 110
23105 23119 170
23127 23158 8
23152 23178 135
23172 23190 72
23193 23199 159
23208 23255 138
23237 23280 83
23264 23293 97
23270 23309 53
23274 23279 82
23292 23308 168
23298 23331 78
23326 23362 33
23343 23354 173
23365 23373 186
23369 23389 206
23383 23425 248
23383 23421 193
23407 23456 52
23413 23416 5
23426 23428 274
23437 23481 87
23459 23487 273
23488 23520 180
23492 23526 270
23502 23533 225
23508 23530 271
23529 23566 231
23543 23579 285
23543 23565 172
23556 23599 296
23583 23593 228
23597 23598 298
23614 23629 158
23627 23671 276
23629 23677 106
23653 23669 88
23656 23671 263
23680 23684 262
23710 23748 197
23710 23719 111
23713 23719 262
23729 23756 265
23734 23766 141
23753 23798 67
23762 23780 164
23781 23797 154
23781 23830 294
23795 23832 124
23799 23845 78
23802 23837 209
23808 23857 40
23818 23820 36
23830 23841 199
23851 23878 289
23864 23897 159
23878 23923 64
23886 23909 15
23901 23942 30
23915 23949 226
23915 23950 241
23925 23933 129
23939 23965 52
23964 23985 176
23987 24032 209
23988 24009 16
24005 24027 274
24028 24045 66
24031 24039 221
24034 24080 210
24044 24086 235
24052 24082 269
24070 24094 298
24078 24101 237
24081 24116 218
24102 24115 150
24126 24143 151
24148 24155 199
24175 24219 88
24190 24205 206
24192 24227 224
24196 24207 111
24198 24224 205
24217 24252 141
24222 24257 56
24244 24275 285
24250 24254 274
24265 24286 140
24294 24343 179
24319 24332 83
24342 24359 192
24350 24376 185
24379 24429 190
24392 24434 243
24417 24449 264
24428 24460 11
24441 24454 195
24446 24470 113
24471 24497 98
24484 24526 31
24507 24540 249
24507 24522 216
24533 24539 208
24539 24544 202
24551 24561 13
24563 24599 223
24572 24606 156
24574 24604 33
24576 24578 66
24590 24595 208
24620 24628 128
24622 24653 255
24650 24685 45
24679 24728 131
24707 24729 210
24730 24760 298
24732 24734 131
24748 24761 97
24758 24803 195
24781 24795 275
24800 24808 158
24820 24831 298
24843 24889 65
24864 24896 149
24877 24911 146
24906 24919 79
24927 24940 18
24940 24969 36
24956 24976 162
24974 24985 217
24977 24989 245
24981 25019 130
24985 24995 160
24995 25021 96
25018 25058 299
25020 25063 227
25020 25065 96
25032 25069 145
25035 25056 229
25051 25094 164
25077 25110 83
25103 25148 155
25110 25118 270
25119 25139 194
25140 25144 289
25169 25187 151
25191 25199 3
25216 25247 156
25216 25264 189
25238 25266 254
25266 25279 59
25284 25313 97
25312 25357 26
25322 25353 272
25349 25373 59
25353 25378 171
25364 25410 182
25386 25415 237
25408 25452 61
25430 25464 74
25433 25451 216
25447 25449 133
25459 25470 129
25459 25496 73
25480 25483 59
25490 25535 24
25516 25540 116
25546 25587 136
25568 25584 105
25589 25626 138
25599 25626 121
25608 25610 271
25624 25628 5
25627 25677 165
25648 25666 65
25656 25679 17
25671 25676 119
25695 25734 238
25720 25750 146
25724 25758 168
25724 25758 52
25733 25745 122
25747 25760 197
25772 25790 142
25776 25809 173
25796 25817 259
25820 25832 93
25822 25838 166
25824 25847 12
25833 25881 175
25849 25865 49
25879 25896 198
25895 25901 11
25920 25921 253
25939 25971 250
25943 25945 120
25959 25991 2
25970 25990 21
25980 25985 85
25996 26016 111
26019 26033 111
26033 26041 198
26042 26091 280
26067 26068 192
26095 26112 229
26096 26128 260
26109 26127 173
26130 26173 116
26132 26174 181
26152 26187 79
26169 26213 139
26171 26193 43
26175 26188 73
26186 26199 260
26207 26242 259
26214 26227 161
26233 26280 141
26259 26279 57
26259 26288 234
26259 26268 128
26266 26292 234
26272 26281 42
26295 26303 250
26325 26335 279
26331 26375 268
26357 26376 26
26380 26423 249
26400 26408 43
26411 26458 18
26435 26443 28
26452 26462 221
26462 26488 203
26472 26513 145
26485 26527 64
26513 26538 23
26542 26556 198
26561 26599 25
26563 26612 84
26583 26613 164
26598 26629 132
26622 26652 10
26627 26630 178
26650 26662 221
26678 26681 204
26678 26724 39
26707 26755 258
26710 26724 101
26734 26783 182
26752 26785 46
26756 26794 17
26767 26776 168
26791 26833 168
26802 26847 170
26808 26817 214
26825 26859 213
26852 26894 174
26873 26886 288
26882 26886 36
26895 26941 223
26920 26943 228
26931 26964 92
26956 26966 6
26981 26984 30
26986 26998 134
26987 27000 129
27009 27030 165
27036 27043 139
27045 27051 64
27067 27103 98
27080 27091 195
27093 27099 55
27099 27104 108
27104 27133 201
27112 27136 88
27122 27156 6
27150 27193 128
27180 27225 74
27204 27253 41
27221 27260 93
27222 27235 298
27238 27252 192
27252 27270 133
27281 27316 276
27287 27305 91
27312 27331 2
27340 27385 129
27344 27359 203
27351 27393 42
27369 27412 242
27387 27432 168
27411 27442 207
27412 27458 110
27438 27456 51
27458 27502 106
27459 27493 59
27481 27531 154
27501 27532 23
27529 27534 183
27539 27589 135
27546 27588 61
27552 27567 238
27561 27581 169
27586 27629 216
27596 27630 65
27610 27653 28
27622 27634 80
27651 27677 264
27655 27668 78
27683 27714 32
27685 27731 30
27696 27735 284
27709 27722 45
27726 27772 275
27748 27771 167
27762 27795 29
27782 27806 3
27794 27805 182
27812 27839 109
27815 27831 124
27831 27872 247
27843 27884 240
27856 27890 110
27875 27916 267
27901 27908 170
27905 27928 200
27906 27929 73
27925 27946 134
27927 27941 93
27953 27967 266
27956 27979 145
27958 27966 235
27961 27967 207
27981 27986 276
27982 28011 198
27990 28017 146
27995 27997 221
28019 28021 176
28042 28090 247
28049 28061 67
28072 28094 156
28091 28132 96
28103 28128 201
28123 28156 215
28141 28166 222
28141 28189 146
28148 28177 15
28164 28196 66
28191 28235 67
28193 28211 1
28203 28233 182
28207 28214 45
28213 28227 166
28219 28236 236
28220 28255 229
28239 28271 168
28255 28287 46
28265 28312 205
28266 28281 163
28296 28345 283
28304 28322 90
28327 28329 43
28357 28365 36
28364 28411 46
28384 28390 25
28394 28409 22
28408 28437 242
28426 28438 25
28428 28473 136
28428 28469 129
28456 28488 145
28483 28520 173
28503 28508 173
28503 28549 246
28531 28549 253
28544 28585 90
28551 28575 44
28554 28569 190
28560 28561 61
28580 28611 209
28605 28634 198
28634 28641 47
28645 28662 57
28662 28679 40
28672 28707 45
28695 28696 261
28716 28765 79
28740 28750 16
28770 28819 45
28797 28821 130
28809 28835 18
28813 28818 55
28820 28862 69
28822 28841 183
28849 28858 4
28872 28906 94
28885 28919 290
28909 28959 253
28912 28943 82
28942 28990 281
28958 28965 134
28970 29004 249
28992 29032 270
29010 29051 205
29039 29068 222
29049 29069 91
29064 29113 177
29073 29095 207
29090 29106 5
29092 29119 141
29093 29096 226
29112 29139 117
29112 29161 52
29129 29170 61
29140 29150 139
29165 29180 73
29194 29244 78
29224 29258 98
29226 29250 19
29254 29282 80
29272 29277 223
29297 29333 197
29303 29323 270
29327 29338 95
29354 29403 102
29377 29427 12
29379 29427 158
29397 29423 163
29419 29449 241
29429 29460 17
29457 29467 99
29468 29472 57
29488 29522 25
29492 29508 46
29509 29550 108
29534 29569 134
29547 29596 51
29566 29580 203
29584 29630 128
29591 29602 96
29595 29639 153
29617 29621 71
29623 29668 266
29625 29631 121
29640 29649 53
29645 29675 193
29669 29701 8
29686 29731 204
29688 29719 263
29699 29707 25
29728 29733 94
29733 29770 243
29759 29787 111
29760 29769 40
29776 29812 137
29776 29781 223
29793 29841 124
29802 29840 162
29829 29842 217
29858 29879 217
29863 29887 56
29869 29895 51
29870 29914 271
29887 29928 139
29896 29903 58
29921 29954 105
29923 29972 177
29943 29969 267
29959 30009 53
29960 29975 188
29980 30015 228
29997 30040 68
30027 30063 148
30050 30072 2
30074 30104 204
30088 30120 78
30105 30134 225
30123 30147 79
30137 30165 19
30156 30158 58
30167 30193 143
30187 30211 249
30195 30199 77
30208 30248 230
30228 30238 199
30251 30289 51
30281 30300 115
30284 30294 19
30300 30306 104
30312 30324 51
30319 30346 178
30325 30358 135
30351 30364 55
30373 30402 232
30401 30446 276
30405 30437 62
30414 30451 199
30441 30449 76
30441 30472 117
30454 30480 18
30474 30510 69
30495 30528 183
30505 30509 51
30532 30554 102
30555 30560 189
30584 30615 257
30600 30612 138
30621 30654 259
30636 30666 234
30661 30689 259
30685 30695 298
30689 30701 281
30699 30720 118
30722 30741 272
30724 30759 243
30749 30768 20
30751 30786 49
30768 30800 265
30794 30803 224
30816 30858 270
30846 30886 39
30849 30889 158
30873 30917 110
30887 30890 52
30899 30941 240
30908 30943 28
30930 30965 140
30934 30981 255
30938 30970 126
30949 30968 267
30965 30985 192
30979 30995 235
30981 31021 113
30997 31002 145
31024 31063 247
31035 31073 198
31054 31066 182
31082 31085 9
31105 31122 71
31116 31117 2
31142 31160 20
31154 31158 160
31183 31199 81
31190 31223 199
31204 31249 119
31233 31241 266
31233 31281 197
31245 31279 297
31247 31294 266
31275 31319 197
31293 31299 285
31299 31322 235
31303 31336 213
31306 31331 272
31323 31339 73
31343 31362 151
31364 31386 212
31368 31385 100
31383 31392 13
31387 31434 164
31405 31433 109
31434 31474 223
31459 31460 155
31469 31509 87
31489 31499 227
31494 31537 84
31508 31518 32
31515 31538 217
31516 31561 300
31540 31571 63
31545 31577 248
31557 31567 281
31565 31602 185
31569 31597 209
31581 31625 246
31610 31637 45
31629 31654 276
31636 31648 204
31656 31657 53
31666 31691 233
31682 31701 3
31685 31712 36
31711 31743 75
31721 31747 127
31747 31750 186
31759 31806 11
31789 31835 162
31803 31847 130
31832 31859 67
31859 31902 111
31879 31922 9
31906 31954 241
31932 31948 176
31942 31989 173
31957 31968 245
31984 31987 133
32009 32027 205
32009 32031 287
32023 32071 194
32039 32087 225
32057 32100 12
32075 32093 280
32084 32103 177
32098 32115 202
32122 32149 127
32143 32156 53
32160 32197 269
32162 32205 98
32188 32232 42
32200 32236 121
32212 32226 68
32239 32252 183
32267 32291 269
32282 32318 124
32307 32347 26
32336 32371 15
32361 32390 275
32387 32415 14
32388 32413 202
32406 32420 96
32428 32461 115
32451 32469 255
32461 32492 129
32484 32487 58
32511 32551 202
32515 32548 197
32533 32581 288
32560 32597 23
32564 32595 193
32580 32597 45
32581 32593 200
32599 32621 218
32615 32625 175
32623 32670 258
32648 32696 20
32660 32700 87
32664 32668 241
32680 32726 240
32701 32744 205
32713 32750 5
32728 32765 34
32747 32749 127
32759 32799 176
32762 32808 211
32775 32806 70
32798 32801 228
32825 32829 278
32852 32871 147
32856 32873 231
32856 32890 248
32864 32898 51
32885 32911 296
32914 32959 223
32923 32949 241
32934 32957 210
32943 32969 156
32946 32990 61
32965 32999 4
32971 32974 52
32973 32978 216
32991 32997 221
33000 33012 156
33029 33049 269
33050 33080 156
33057 33104 152
33068 33082 286
33089 33124 292
33111 33157 293
33136 33153 179
33146 33193 75
33164 33190 198
33171 33202 189
33194 33214 277
33214 33244 35
33241 33246 146
33251 33281 190
33279 33291 11
33284 33320 31
33298 33342 283
33303 33346 126
33320 33340 117
33322 33358 278
33341 33361 193
33349 33382 54
33368 33416 95
33391 33415 259
33410 33420 13
33434 33443 270
33464 33502 15
33469 33502 34
33480 33497 66
33494 33503 138
33498 33533 66
33521 33560 114
33549 33594 242
33577 33613 97
33586 33589 55
33598 33645 71
33620 33627 258
33648 33666 88
33676 33685 180
33692 33699 283
33694 33738 118
33720 33731 206
33731 33753 92
33755 33773 63
33776 33793 59
33783 33798 35
33790 33806 12
33805 33808 145
33811 33815 261
33812 33821 169
33836 33840 69
33866 33868 12
33892 33938 37
33908 33930 274
33932 33950 79
33944 33969 273
33963 34002 57
33974 34018 105
33997 34024 101
34009 34030 186
34022 34072 28
34025 34028 145
34046 34058 178
34069 34076 229
34087 34102 279
34101 34143 226
34118 34166 269
34144 34183 107
34165 34166 175
34173 34198 17
34179 34210 274
34186 34234 96
34216 34246 172
34244 34270 194
34244 34283 110
34252 34292 169
34259 34305 185
34275 34284 222
34300 34347 53
34312 34339 252
34322 34347 40
34339 34347 191
34359 34375 164
34380 34396 244
34381 34395 237
34411 34420 132
34439 34447 30
34456 34481 144
34471 34481 7
34487 34533 190
34491 34529 57
34495 34527 38
34508 34518 264
34536 34584 109
34542 34587 268
34548 34592 76
34577 34615 257
34582 34586 116
34607 34638 161
34621 34661 182
34629 34630 194
34658 34698 82
34672 34682 150
34702 34721 58
34705 34741 50
34713 34732 54
34737 34767 28
34753 34786 166
34774 34800 23
34775 34795 42
34781 34822 208
34783 34795 232
34810 34858 9
34828 34848 142
34832 34876 126
34838 34849 232
34844 34853 288
34863 34910 189
34874 34879 281
34885 34930 207
34901 34922 73
34929 34956 245
34953 34979 253
34976 34991 104
34994 35006 240
35021 35039 1
35024 35033 293
35033 35040 251
35055 35080 240
35070 35090 287
35094 35115 231
35096 35114 293
35112 35119 168
35124 35138 224
35140 35153 69
35147 35156 237
35173 35220 288
35176 35219 121
35186 35220 260
35214 35225 87
35234 35253 284
35244 35262 207
35258 35271 50
35269 35272 15
35298 35312 294
35312 35318 245
35327 35342 182
35349 35370 126
35353 35376 259
35359 35380 294
35375 35391 271
35382 35423 263
35406 35415 229
35431 35454 187
35436 35458 20
35437 35470 117
35460 35491 235
35484 35531 210
35485 35525 2
35502 35532 272
35505 35544 35
35519 35547 209
35549 35555 271
35563 35606 289
35583 35619 97
35583 35614 75
35593 35636 229
35597 35630 190
35606 35618 285
35622 35640 288
35637 35667 274
35642 35652 278
35670 35678 161
35697 35716 254
35716 35719 9
35734 35774 225
35763 35811 210
35786 35823 152
35812 35847 84
35839 35842 228
35861 35881 177
35885 35899 142
35901 35909 254
35930 35932 137
35934 35983 129
35941 35964 207
35959 35968 127
35971 35975 283
35984 36009 119
35989 35993 140
35995 36000 63
35998 36019 85
36001 36011 235
36024 36027 53
36031 36076 271
36044 36066 64
36061 36102 88
36083 36124 46
36094 36129 49
36095 36124 60
36112 36124 61
36135 36143 236
36147 36188 124
36151 36198 234
36160 36210 291
36188 36229 66
36192 36204 58
36193 36206 228
36200 36202 282
36218 36234 26
36234 36235 143
36246 36292 73
36259 36299 239
36283 36300 53
36294 36308 292
36309 36329 31
36326 36371 78
36336 36344 247
36342 36368 107
36346 36384 136
36371 36401 39
36374 36383 105
36402 36424 257
36415 36431 154
36432 36452 251
36445 36472 92
36470 36478 144
36476 36505 44
36484 36491 262
36495 36534 219
36505 36510 272
36527 36529 7
36532 36582 84
36538 36563 46
36540 36573 211
36554 36559 255
36555 36595 83
36555 36600 155
36577 36591 225
36579 36601 293
36601 36602 267
36617 36649 297
36622 36648 281
36625 36672 108
36633 36683 67
36657 36697 68
36682 36692 45
36707 36731 296
36719 36759 257
36723 36736 280
36752 36766 137
36773 36822 41
36785 36814 6
36801 36825 239
36819 36823 188
36820 36838 222
36825 36831 24
36855 36857 107
36864 36914 283
36882 36916 8
36884 36895 230
36908 36924 72
36925 36968 23
36930 36969 104
36949 36974 154
36956 36978 237
36958 36988 280
36970 37001 236
36972 37016 164
36993 37040 295
36996 37006 219
37025 37074 198
37026 37074 42
37038 37073 243
37039 37075 281
37069 37106 175
37069 37106 224
37074 37076 259
37091 37130 299
37113 37160 16
37133 37178 180
37138 37146 278
37156 37192 206
37166 37188 178
37191 37201 78
37197 37246 295
37227 37238 218
37239 37267 48
37250 37252 109
37276 37323 2
37295 37314 12
37301 37349 3
37321 37368 1
37338 37361 180
37347 37372 193
37368 37381 108
37375 37376 15
37399 37428 172
37412 37455 85
37419 37434 80
37433 37434 57
37440 37457 128
37440 37483 223
37452 37498 261
37478 37502 179
37491 37496 285
37491 37505 108
37496 37527 280
37498 37512 68
37511 37517 277
37512 37519 26
37516 37536 273
37528 37547 217
37552 37573 76
37570 37586 194
37586 37601 31
37614 37626 200
37622 37668 201
37627 37659 110
37636 37651 99
37663 37711 191
37692 37696 139
37712 37737 38
37714 37743 21
37722 37727 115
37735 37742 224
37749 37769 1
37777 37820 160
37802 37825 194
37811 37823 98
37813 37816 241
37817 37850 59
37818 37828 158
37835 37871 134
37848 37881 294
37867 37909 214
37871 37879 300
37874 37886 138
37900 37939 18
37906 37944 271
37931 37946 214
37938 37969 123
37956 37997 139
37981 37998 175
37986 38024 282
37998 38048 87
38021 38027 101
38048 38049 257
38048 38056 89
38076 38085 7
38090 38120 194
38102 38148 193
38116 38152 178
38139 38159 217
38163 38195 290
38191 38210 120
38208 38235 188
38208 38210 96
38226 38270 150
38231 38232 171
38259 38286 43
38276 38310 7
38293 38334 104
38322 38336 103
38338 38374 100
38348 38349 298
38353 38358 66
38381 38409 77
38390 38425 205
38411 38434 20
38434 38447 300
38440 38484 79
38454 38473 17
38468 38491 223
38490 38505 97
38515 38520 143
38528 38564 109
38539 38567 158
38557 38586 67
38558 38562 275
38585 38622 199
38590 38610 144
38596 38616 156
38612 38651 52
38636 38666 175
38652 38688 298
38678 38721 241
38695 38698 215
38718 38737 83
38748 38776 295
38773 38796 32
38773 38776 272
38776 38814 190
38780 38800 114
38798 38802 247
38810 38830 300
38830 38872 114
38850 38891 216
38863 38891 43
38863 38901 69
38872 38897 293
38873 38909 57
38877 38888 273
38884 38910 157
38914 38959 241
38940 38956 226
38959 38968 65
38982 38983 179
38983 39021 209
39012 39016 162
39037 39063 289
39046 39067 31
39070 39073 174
39091 39116 273
39106 39133 80
39132 39145 280
39147 39174 125
39159 39199 202
39183 39221 240
39183 39212 60
39208 39217 157
39223 39255 280
39234 39267 294
39246 39291 58
39258 39268 64
39288 39316 151
39293 39307 130
39313 39342 99
39318 39330 135
39324 39338 128
39345 39377 205
39366 39388 180
39385 39400 105
39409 39428 198
39419 39436 145
39436 39452 96
39460 39465 241
39483 39504 243
39513 39535 191
39520 39542 183
39523 39531 62
39530 39551 300
39553 39563 214
39571 39621 133
39600 39620 171
39625 39652 147
39637 39678 9
39659 39707 118
39685 39699 265
39689 39720 185
39696 39743 84
39711 39734 55
39711 39745 158
39723 39728 119
39724 39772 141
39739 39752 28
39761 39795 15
39771 39776 123
39774 39793 101
39804 39849 115
39806 39826 213
39832 39836 33
39834 39874 103
39845 39871 62
39858 39865 243
39880 39916 129
39900 39943 18
39926 39942 271
39941 39958 28
39941 39954 261
39970 39976 172
39998 40041 29
40013 40043 11
40041 40075 15
40066 40077 197
40077 40117 134
40102 40109 124
40127 40151 208
40130 40157 291
40153 40179 30
40178 40204 173
40178 40197 214
40180 40202 258
40207 40229 144
40217 40265 235
40223 40265 255
40246 40281 281
40255 40285 274
40258 40272 31
40271 40274 232
40287 40320 260
40312 40362 236
40314 40362 119
40325 40362 57
40344 40355 294
40371 40390 163
40391 40400 255
40399 40429 172
40422 40454 210
40452 40489 62
40478 40505 209
40478 40492 5
40504 40539 51
40515 40546 160
40518 40551 240
40543 40547 280
40549 40561 25
40553 40577 56
40562 40582 260
40591 40641 178
40597 40616 281
40614 40652 211
40644 40651 128
40670 40679 224
40687 40700 71
40709 40753 21
40729 40774 84
40731 40753 230
40734 40756 163
40736 40752 186
40739 40777 276
40769 40819 145
40769 40772 165
40774 40794 138
40784 40833 270
40804 40815 227
40832 40844 187
40850 40893 109
40880 40927 199
40891 40892 17
40902 40924 43
40904 40944 93
40924 40955 196
40935 40939 290
40942 40956 25
40958 40995 101
40963 40967 16
40974 41020 125
40988 41006 68
40995 41002 37
41020 41035 56
41046 41070 47
41060 41092 93
41062 41096 201
41074 41086 217
41098 41142 166
41118 41131 212
41121 41144 21
41130 41154 169
41143 41175 84
41161 41200 126
41166 41212 263
41185 41204 143
41191 41230 222
41202 41247 292
41231 41272 49
41252 41292 218
41255 41270 63
41267 41283 9
41296 41320 10
41297 41315 4
41298 41340 82
41298 41306 6
41303 41314 149
41326 41357 55
41353 41375 16
41360 41393 165
41379 41403 142
41396 41417 166
41400 41447 207
41406 41425 25
41433 41482 187
41436 41456 156
41455 41503 95
41466 41476 82
41484 41498 151
41513 41556 119
41536 41585 153
41552 41557 171
41570 41608 203
41594 41630 294
41610 41633 61
41630 41676 82
41633 41653 16
41662 41687 276
41692 41726 262
41720 41740 261
41734 41755 33
41748 41750 262
41766 41774 169
41773 41784 127
41801 41837 50
41808 41845 1
41811 41849 279
41811 41848 74
41818 41846 16
41836 41883 18
41852 41865 285
41852 41880 147
41882 41932 187
41900 41927 103
41919 41957 4
41947 41981 259
41976 42006 26
41997 41999 108
42024 42072 61
42054 42093 230
42075 42109 236
42098 42118 181
42100 42105 83
42104 42139 203
42114 42123 161
42144 42166 186
42173 42175 22
42198 42221 146
42215 42257 274
42236 42252 31
42237 42262 88
42240 42247 134
42258 42307 113
42281 42317 21
42297 42325 208
42317 42364 156
42331 42332 175
42356 42395 234
42373 42418 15
42401 42442 165
42404 42445 262
42418 42463 70
42437 42460 187
42441 42452 119
42456 42457 134
42471 42492 147
42474 42493 281
42476 42488 180
42489 42493 15
42504 42547 227
42532 42562 282
42555 42578 202
42584 42618 10
42585 42592 152
42592 42637 43
42606 42618 156
42633 42635 79
42662 42692 155
42672 42674 81
42683 42691 34
42695 42732 146
42699 42733 300
42709 42718 247
42732 42762 85
42757 42778 85
42759 42784 87
42778 42786 234
42783 42826 131
42806 42820 58
42832 42865 83
42854 42863 210
42858 42908 282
42885 42902 144
42887 42893 222
42888 42907 187
42913 42937 155
42924 42954 111
42944 42957 298
42951 42968 29
42954 42989 178
42957 42977 177
42968 43001 212
42976 42996 154
42977 42997 139
43004 43036 216
43028 43029 189
43054 43092 100
43061 43099 59
43081 43096 24
43110 43131 123
43137 43179 229
43144 43153 235
43156 43204 225
43156 43180 263
43159 43190 190
43176 43193 212
43190 43197 59
43218 43228 189
43241 43291 191
43257 43289 34
43277 43308 280
43306 43311 219
43310 43319 155
43335 43367 239
43360 43379 188
43377 43399 17
43388 43434 19
43392 43437 164
43421 43461 5
43429 43477 241
43452 43483 116
43468 43498 132
43493 43506 65
43509 43552 267
43513 43546 102
43537 43575 1
43556 43580 299
43568 43608 175
43580 43617 289
43589 43611 113
43608 43647 196
43632 43655 70
43640 43668 267
43652 43697 27
43662 43699 198
43668 43672 177
43678 43679 234
43688 43718 44
43692 43700 172
43721 43748 291
43731 43774 136
43747 43753 291
43754 43777 36
43774 43820 59
43787 43789 141
43806 43829 231
43820 43858 266
43829 43844 189
43851 43855 26
43864 43870 45
43894 43928 228
43922 43942 63
43951 43972 179
43980 44004 213
44005 44037 76
44007 44020 174
44025 44069 233
44051 44060 33
44070 44086 89
44087 44088 99
44101 44126 55
44121 44137 72
44139 44172 84
44154 44201 289
44182 44209 293
44197 44247 12
44225 44237 200
44236 44252 290
44236 44285 285
44250 44261 147
44273 44302 187
44291 44301 89
44315 44344 212
44315 44352 138
44327 44339 92
44349 44363 12
44376 44395 22
44383 44397 276
44391 44392 207
44421 44452 168
44451 44467 145
44468 44496 231
44484 44529 164
44502 44532 191
44507 44532 75
44515 44517 37
44522 44535 1
44544 44545 91
44568 44614 139
44590 44640 71
44600 44605 34
44611 44651 23
44624 44674 252
44641 44650 258
44642 44688 12
44659 44709 149
44660 44690 231
44660 44706 222
44673 44702 30
44686 44732 179
44706 44709 267
44736 44775 163
44757 44801 183
44774 44782 210
44793 44809 196
44793 44825 78
44793 44837 206
44806 44825 36
44811 44826 35
44820 44859 143
44835 44859 120
44863 44891 57
44886 44887 215
44909 44914 267
44920 44958 265
44930 44973 192
44960 45010 57
44962 44987 95
44975 45025 25
44995 45037 65
45007 45024 140
45016 45062 176
45023 45056 294
45024 45058 85
45024 45037 125
45043 45057 286
45052 45062 122
45057 45097 200
45061 45078 108
45082 45116 226
45109 45158 58
45139 45170 229
45151 45179 233
45175 45216 235
45203 45234 105
45225 45245 120
45231 45277 3
45235 45283 269
45250 45252 1
45269 45287 158
45273 45308 222
45285 45314 214
45296 45311 134
45305 45335 92
45308 45327 23
45323 45337 261
45345 45349 233
45351 45357 296
45375 45403 191
45384 45421 47
45412 45461 116
45440 45457 222
45468 45511 251
45487 45506 9
45490 45531 265
45509 45515 239
45512 45529 103
45516 45519 269
45526 45540 126
45553 45598 217
45580 45614 204
45594 45611 95
45611 45627 189
45611 45629 294
45624 45629 103
45629 45643 194
45659 45660 42
45666 45689 8
45676 45680 222
45690 45715 140
45696 45699 91
45722 45739 2
45742 45789 285
45772 45797 119
45774 45802 198
45788 45812 116
45804 45831 38
45821 45853 207
45831 45865 296
45841 45843 9
45847 45858 202
45864 45885 142
45865 45878 159
45879 45912 178
45880 45927 268
45897 45899 254
45904 45938 242
45904 45918 290
45905 45941 140
45917 45954 145
45931 45957 68
45948 45954 36
45952 45959 129
45970 45978 111
45997 46040 125
46008 46036 261
46032 46073 183
46056 46086 199
46063 46064 6
46071 46107 259
46077 46081 285
46101 46111 39
46106 46108 191
46130 46138 35
46138 46177 205
46149 46172 99
46152 46174 217
46152 46162 66
46152 46169 222
46152 46198 149
46170 46185 214
46188 46212 108
46196 46245 83
46205 46241 162
46214 46255 202
46218 46220 174
46237 46279 179
46255 46274 168
46280 46327 228
46300 46317 232
46309 46357 39
46339 46352 147
46341 46352 35
46366 46372 194
46372 46378 292
46378 46413 48
46408 46455 12
46426 46453 94
46446 46481 171
46453 46480 132
46473 46482 68
46493 46504 24
46499 46516 295
46526 46565 142
46534 46557 6
46542 46570 245
46549 46589 73
46579 46604 141
46581 46624 139
46611 46660 158
46611 46615 37
46638 46647 21
46645 46695 5
46675 46718 49
46705 46726 65
46715 46741 67
46741 46784 213
46756 46802 291
46772 46820 54
46801 46823 103
46826 46859 143
46827 46839 37
46847 46852 185
46861 46887 173
46888 46910 293
46918 46925 23
46924 46967 127
46951 46958 291
46954 47002 142
46971 47021 54
46980 47016 238
46996 47004 229
47001 47023 84
47027 47068 89
47038 47064 33
47065 47069 213
47073 47114 209
47074 47075 51
47088 47112 286
47091 47118 49
47106 47131 255
47112 47130 238
47137 47148 2
47154 47170 123
47170 47176 159
47181 47208 69
47211 47255 205
47223 47260 130
47228 47236 27
47251 47254 140
47257 47294 271
47287 47309 216
47293 47326 149
47293 47302 78
47312 47345 267
47340 47341 15
47341 47351 83
47356 47371 64
47385 47423 192
47409 47457 131
47431 47444 41
47438 47474 297
47462 47487 35
47484 47508 43
47501 47540 265
47504 47538 31
47533 47544 66
47548 47590 294
47550 47597 245
47564 47580 248
47578 47591 225
47586 47588 204
47612 47631 94
47630 47645 11
47651 47670 226
47662 47693 210
47685 47713 116
47685 47727 126
47705 47732 66
47714 47739 33
47716 47737 249
47731 47780 33
47760 47799 94
47785 47815 185
47815 47845 131
47843 47893 234
47871 47889 35
47876 47891 8
47894 47907 164
47917 47958 204
47920 47964 234
47944 47960 91
47971 47987 122
47979 48016 185
48002 48028 191
48031 48078 157
48055 48079 176
48072 48112 190
48076 48085 290
48091 48114 295
48116 48144 86
48117 48128 100
48130 48134 70
48141 48179 160
48157 48195 295
48176 48217 155
48188 48208 223
48202 48207 136
48220 48269 88
48230 48262 261
48246 48253 112
48260 48305 107
48277 48316 54
48295 48330 23
48297 48340 231
48298 48330 7
48305 48328 133
48333 48361 270
48355 48400 173
48367 48383 285
48372 48417 282
48397 48439 212
48402 48424 51
48408 48445 231
48424 48456 95
48433 48443 174
48436 48459 48
48463 48474 41
48482 48496 246
48491 48519 179
48498 48541 134
48523 48528 217
48523 48532 19
48538 48554 214
48539 48569 194
48558 48600 273
48564 48583 296
48580 48628 235
48602 48644 86
48612 48628 86
48640 48686 282
48662 48690 131
48682 48690 40
48683 48711 133
48712 48727 290
48723 48729 83
48744 48745 43
48772 48805 263
48774 48821 298
48788 48826 262
48792 48800 57
48821 48856 134
48843 48866 5
48872 48884 87
48872 48890 249
48901 48904 239
48911 48946 156
48922 48954 86
48938 48974 240
48946 48954 260
48976 49011 95
48994 49028 178
49007 49053 17
49022 49030 96
49034 49036 46
49058 49096 249
49066 49109 240
49095 49117 253
49118 49152 139
49126 49143 1
49144 49168 227
49167 49173 264
49197 49200 49
49201 49243 267
49206 49246 193
49230 49263 21
49243 49269 189
49261 49307 152
49288 49308 66
49312 49336 67
49320 49352 40
49347 49392 39
49355 49387 142
49357 49365 191
49357 49383 67
49363 49389 254
49382 49397 175
49392 49399 267
49416 49463 5
49429 49479 192
49459 49467 209
49459 49508 48
49459 49491 70
49463 49492 29
49475 49479 77
49497 49531 189
49521 49536 138
49545 49546 38
49562 49594 52
49589 49631 169
49611 49650 127
49616 49630 292
49624 49652 83
49654 49686 3
49661 49704 192
49670 49677 200
49681 49715 143
49695 49740 204
49709 49710 292
49719 49766 295
49744 49749 239
49748 49776 273
49757 49774 156
49762 49797 151
49782 49825 100
49789 49813 286
49800 49827 105
49815 49849 71
49834 49871 289
49862 49879 159
49867 49875 21
49890 49928 94
49891 49892 11
49895 49936 199
49901 49928 122
49929 49934 294
49929 49972 111
49936 49955 272
49941 49952 284
49954 49955 71
49972 49999 91
49985 49996 80
49998 50027 179
50001 50051 6
50012 50014 181
50035 50078 190
50040 50079 18
50062 50091 266
50062 50084 212
50083 50119 134
50083 50121 247
50086 50126 236
50092 50114 204
50104 50122 31
50122 50128 150
50150 50199 101
50175 50183 34
50175 50199 178
50190 50195 143
50216 50224 122
50225 50229 33
50225 50270 237
50233 50260 214
50246 50279 275
50247 50277 2
50260 50272 130
50266 50297 156
50279 50301 215
50284 50308 72
50311 50359 10
50323 50371 112
50340 50358 255
50370 50386 41
50385 50429 91
50410 50436 55
50423 50436 202
50452 50456 17
50457 50495 157
50481 50489 278
50492 50505 3
50517 50518 210
50518 50558 236
50547 50573 23
50556 50583 128
50561 50599 83
50585 50591 263
50604 50640 125
50616 50631 58
50621 50649 151
50646 50677 161
50663 50683 80
50668 50673 254
50685 50699 110
50703 50706 156
50705 50754 100
50719 50767 206
50743 50756 202
50769 50810 196
50772 50815 45
50780 50806 126
50789 50823 256
50794 50836 101
50797 50801 143
50811 50819 137
50838 50851 208
50842 50882 100
50863 50898 75
50890 50903 227
50910 50944 133
50934 50976 8
50957 50964 149
50959 50971 195
50985 51012 186
51003 51040 269
51013 51043 188
51027 51053 267
51054 51085 82
51082 51128 112
51086 51121 206
51089 51114 81
51091 51127 189
51106 51114 299
51118 51122 58
51119 51147 279
51149 51158 294
51167 51184 43
51182 51222 174
51211 51242 247
51240 51259 30
51259 51300 241
51260 51264 4
51268 51271 287
51295 51328 2
51317 51338 57
51347 51385 296
51355 51376 172
51376 51386 190
51381 51420 78
51389 51428 145
51404 51451 182
51430 51480 248
51430 51441 159
51443 51448 56
51464 51468 101
51480 51488 137
51508 51544 66
51510 51545 194
51521 51546 290
51549 51591 20
51566 51585 180
51571 51610 97
51588 51601 13
51593 51635 98
51619 51644 130
51634 51683 63
51647 51662 257
51654 51702 288
51667 51682 74
51690 51712 114
51702 51731 188
51724 51748 6
51742 51790 119
51748 51749 41
51777 51808 143
51805 51810 120
51831 51840 2
51846 51851 47
51864 51885 167
51875 51910 138
51904 51905 178
51931 51958 170
51939 51948 212
51949 51990 63
51949 51965 179
51978 52028 189
51979 52002 21
52008 52035 3
52015 52017 156
52018 52050 204
52047 52072 75
52058 52101 74
52076 52116 137
52091 52123 34
52111 52161 227
52132 52173 27
52157 52175 162
52170 52206 208
52183 52224 60
52194 52224 136
52216 52228 51
52229 52259 116
52257 52286 50
52269 52280 43
52274 52276 247
52287 52296 262
52289 52290 267
52289 52290 133
52308 52341 90
52332 52361 120
52359 52396 154
52379 52404 50
52408 52428 224
52428 52430 253
52440 52446 140
52445 52456 120
52447 52486 228
52474 52520 108
52494 52514 249
52517 52535 68
52520 52550 160
52535 52558 218
52537 52552 169
52561 52585 70
52575 52614 127
52582 52596 286
52602 52652 38
52606 52655 154
52619 52629 120
52640 52654 123
52664 52678 252
52668 52670 22
52675 52724 110
52695 52720 131
52725 52769 124
52754 52755 42
52756 52793 222
52760 52801 1
52763 52768 99
52764 52804 51
52779 52799 167
52791 52820 38
52805 52854 283
52813 52860 80
52814 52838 15
52823 52862 253
52832 52861 250
52861 52865 68
52877 52924 25
52889 52938 91
52890 52898 203
52898 52901 243
52910 52954 204
52928 52943 157
52948 52959 79
52959 52977 79
52974 53002 190
52996 53015 225
52996 53017 111
52998 53000 212
52998 53042 89
53007 53030 232
53015 53033 10
53022 53062 259
53048 53052 263
53054 53093 211
53064 53080 215
53089 53121 107
53119 53133 186
53147 53195 177
53170 53184 32
53191 53219 243
53204 53214 232
53226 53250 164
53232 53241 10
53247 53268 222
53270 53297 29
53274 53320 218
53288 53331 211
53314 53336 18
53327 53369 1
53337 53356 185
53358 53361 55
53366 53393 102
53393 53425 63
53408 53448 250
53417 53438 95
53419 53443 207
53429 53441 69
53453 53464 55
53460 53499 127
53475 53509 234
53478 53505 268
53492 53532 174
53495 53522 31
53504 53543 247
53508 53557 79
53515 53548 154
53539 53552 33
53553 53554 221
53554 53557 157
53579 53629 187
53583 53586 95
53613 53663 113
53630 53671 265
53650 53652 279
53669 53703 129
53669 53711 146
53674 53714 146
53703 53731 182
53707 53734 15
53707 53711 125
53711 53741 125
53734 53741 171
53747 53781 158
53747 53757 295
53760 53765 219
53777 53781 163
53784 53807 76
53797 53818 58
53802 53840 180
53821 53837 231
53825 53829 194
53836 53854 16
53850 53889 149
53879 53883 192
53884 53907 50
53905 53944 232
53924 53971 150
53931 53956 67
53942 53968 185
53945 53962 248
53970 53989 69
53971 53989 102
53991 53997 103
53999 54033 154
54002 54031 219
54025 54053 11
54046 54056 268
54061 54078 36
54086 54125 90
54104 54106 223
54129 54159 106
54159 54189 92
54169 54187 68
54193 54201 88
54221 54256 270
54229 54245 74
54231 54276 226
54259 54263 107
54289 54299 208
54317 54342 285
54317 54347 191
54342 54359 124
54346 54388 230
54368 54401 278
54377 54418 189
54391 54436 204
54416 54462 69
54417 54443 238
54444 54467 2
54446 54487 84
54449 54480 231
54472 54479 267
54474 54492 37
54503 54504 21
54533 54565 200
54544 54567 260
54568 54604 101
54573 54577 177
54589 54604 50
54596 54623 26
54613 54622 2
54615 54663 243
54640 54681 168
54662 54684 160
54669 54675 13
54692 54724 191
54694 54730 296
54702 54750 111
54725 54742 263
54738 54748 158
54747 54751 114
54765 54814 46
54767 54803 177
54796 54839 8
54813 54817 118
54826 54858 164
54842 54851 57
54842 54875 242
54849 54861 98
54863 54876 154
54891 54892 264
54904 54937 213
54932 54976 181
54961 55011 105
54989 54992 189
55013 55057 187
55013 55055 27
55021 55059 120
55023 55042 118
55050 55064 59
55069 55075 53
55092 55126 146
55092 55138 284
55092 55133 73
55102 55103 129
55132 55162 283
55137 55176 73
55138 55151 53
55148 55151 211
55150 55191 270
55156 55157 273
55176 55219 130
55195 55217 286
55213 55249 281
55218 55243 36
55232 55234 87
55233 55264 124
55255 55268 283
55279 55290 13
55285 55300 75
55300 55344 267
55306 55310 191
55310 55336 244
55335 55346 133
55343 55392 294
55345 55378 123
55374 55375 52
55377 55399 225
55392 55442 268
55404 55414 240
55430 55447 140
55430 55445 118
55431 55464 40
55440 55488 199
55461 55476 218
55461 55487 144
55474 55523 248
55504 55515 215
55514 55524 93
55522 55536 255
55528 55532 95
55557 55588 145
55586 55608 160
55593 55623 207
55622 55655 9
55647 55687 46
55659 55663 229
55670 55679 277
55694 55706 260
55716 55765 256
55728 55762 170
55748 55793 216
55769 55802 12
55776 55805 72
55779 55829 17
55799 55849 195
55817 55839 190
55820 55830 131
55849 55876 158
55864 55888 197
55869 55875 96
55871 55896 75
55877 55904 55
55891 55924 202
55914 55964 255
55921 55936 98
55950 55972 218
55973 56022 136
55981 56000 214
55996 56040 146
56004 56050 177
56026 56060 177
56055 56079 91
56078 56082 227
56105 56129 210
56118 56168 291
56132 56153 268
56133 56142 4
56163 56175 229
56179 56189 90
56188 56213 248
56206 56239 256
56230 56265 197
56244 56269 292
56250 56265 5
56277 56281 215
56304 56353 25
56308 56348 235
56336 56376 97
56357 56372 28
56384 56385 1
56409 56443 30
56422 56423 78
56448 56491 203
56470 56494 205
56491 56507 176
56512 56528 285
56535 56538 287
56558 56578 165
56585 56628 91
56610 56650 223
56618 56627 185
56630 56657 91
56655 56705 1
56661 56671 282
56691 56732 202
56717 56720 183
56740 56786 148
56770 56819 240
56791 56805 272
56809 56817 117
56834 56855 88
56861 56867 1
56882 56889 160
56897 56931 146
56899 56917 204
56923 56942 54
56945 56986 43
56951 56978 7
56970 56990 269
56995 57013 200
57014 57063 274
57020 57063 136
57041 57091 161
57056 57091 154
57086 57094 175
57105 57147 24
57121 57161 250
57147 57186 76
57150 57186 76
57155 57167 141
57176 57202 55
57180 57195 50
57186 57189 164
57206 57209 241
57209 57235 14
57210 57223 139
57220 57257 165
57248 57277 24
57258 57289 93
57287 57327 113
57298 57341 19
57316 57365 160
57317 57329 166
57338 57346 110
57367 57407 32
57375 57396 275
57376 57425 135
57394 57414 142
57414 57449 37
57428 57464 285
57428 57438 23
57429 57436 198
57433 57468 133
57438 57466 17
57444 57473 263
57456 57482 12
57484 57500 13
57514 57546 113
57520 57537 155
57547 57548 230
57571 57582 89
57587 57592 173
57590 57609 181
57607 57610 225
57634 57660 270
57659 57706 189
57667 57689 282
57695 57713 169
57704 57737 144
57731 57755 179
57758 57788 8
57770 57801 50
57794 57815 178
57808 57845 193
57818 57831 185
57824 57858 103
57829 57849 267
57849 57876 225
57877 57884 31
57882 57918 89
57912 57918 83
57927 57972 95
57931 57943 256
57956 57980 52
57978 57999 47
58002 58031 84
58018 58033 101
58019 58062 278
58044 58051 42
58059 58099 78
58071 58093 166
58073 58098 237
58091 58129 75
58117 58160 79
58147 58193 292
58166 58187 286
58183 58219 260
58213 58235 96
58215 58265 26
58234 58256 87
58264 58284 121
58273 58292 67
58279 58290 90
58306 58332 30
58306 58316 91
58331 58351 255
58348 58390 116
58358 58377 150
58362 58381 228
58364 58407 22
58392 58413 71
58401 58444 200
58431 58434 112
58457 58503 196
58472 58510 129
58500 58519 97
58523 58557 108
58540 58549 239
58542 58574 273
58568 58596 178
58569 58605 288
58590 58622 136
58597 58626 96
58614 58664 85
58615 58646 1
58621 58660 262
58644 58689 222
58644 58672 126
58659 58667 133
58664 58704 77
58670 58692 1
58694 58740 245
58711 58760 92
58716 58737 243
58728 58742 46
58746 58762 249
58775 58782 29
58794 58831 134
58823 58825 226
58826 58876 243
58833 58880 64
58849 58899 153
58860 58890 224
58890 58901 100
58892 58895 158
58904 58951 116
58909 58943 254
58920 58952 112
58943 58986 84
58972 59001 97
58978 59003 128
58992 58998 67
59014 59026 57
59020 59033 151
59048 59079 6
59068 59098 104
59094 59130 240
59095 59141 70
59119 59129 89
59138 59177 146
59139 59148 19
59164 59192 88
59173 59213 254
59194 59227 154
59218 59237 52
59248 59278 59
59276 59281 46
59286 59314 30
59298 59311 281
59312 59322 188
59329 59366 85
59337 59366 151
59356 59367 92
59366 59386 298
59372 59421 26
59400 59406 161
59418 59459 54
59437 59485 237
59446 59488 81
59453 59476 112
59483 59528 79
59508 59527 2
59517 59534 295
59518 59548 76
59521 59522 201
59532 59574 194
59561 59574 258
59569 59615 21
59574 59610 186
59595 59624 59
59595 59614 297
59613 59654 240
59629 59652 254
59635 59672 32
59645 59662 112
59661 59669 208
59683 59707 154
59689 59695 245
59704 59716 147
59706 59730 262
59714 59746 190
59738 59762 241
59740 59786 3
59761 59794 239
59772 59777 27
59784 59813 184
59813 59843 21
59821 59825 214
59833 59866 26
59849 59878 291
59862 59907 119
59868 59915 50
59879 59925 126
59887 59896 293
59916 59956 118
59943 59990 80
59964 60003 56
59971 59979 217
59989 59990 23
60007 60032 70
60010 60058 270
60017 60028 75
60020 60032 135
60026 60047 16
60046 60069 194
60047 60059 100
60056 60087 69
60061 60099 73
60086 60111 125
60099 60142 128
60112 60125 89
60140 60170 230
60157 60201 297
60173 60206 187
60173 60185 65
60174 60195 186
60190 60201 17
60203 60223 172
60214 60241 142
60230 60257 36
60256 60299 146
60283 60294 253
60306 60327 219
60313 60338 262
60319 60344 95
60331 60359 277
60354 60402 285
60355 60390 279
60357 60396 263
60385 60392 197
60413 60453 166
60424 60442 226
60454 60502 91
60468 60509 206
60477 60499 92
60487 60507 300
60497 60502 173
60502 60541 19
60507 60546 212
60534 60584 47
60549 60588 19
60567 60608 255
60595 60603 225
60612 60651 165
60618 60664 68
60643 60692 129
60666 60691 114
60669 60711 247
60687 60704 13
60698 60716 269
60728 60762 110
60754 60759 259
60783 60803 253
60809 60821 197
60817 60867 13
60836 60869 94
60851 60882 212
60858 60887 28
60888 60891 200
60902 60913 84
60904 60936 64
60929 60979 70
60936 60969 138
60940 60947 208
60952 61001 204
60964 60997 43
60970 60993 173
60980 61005 9
60996 60998 253
61002 61046 232
61029 61059 289
61037 61042 105
61066 61103 224
61066 61091 247
61091 61137 203
61121 61133 99
61121 61137 59
61140 61142 67
61168 61185 238
61174 61182 44
61200 61225 119
61203 61220 131
61205 61238 8
61219 61269 90
61239 61263 32
61268 61290 38
61291 61317 85
61292 61309 96
61310 61360 202
61338 61348 8
61346 61396 171
61376 61396 275
61392 61432 132
61400 61416 63
61420 61432 210
61428 61460 154
61451 61471 144
61456 61493 133
61459 61474 254
61465 61478 182
61495 61496 33
61524 61528 53
61539 61584 149
61559 61582 100
61582 61619 115
61587 61615 165
61616 61664 5
61620 61651 59
61647 61666 187
61649 61662 149
61654 61674 155
61661 61672 28
61672 61704 257
61687 61700 226
61696 61743 145
61723 61737 207
61750 61798 165
61759 61804 240
61774 61786 73
61780 61798 7
61807 61825 189
61835 61836 23
61863 61908 152
61885 61935 71
61910 61928 80
61913 61918 11
61928 61934 57
61946 61985 288
61953 61994 133
61976 61995 206
61989 62014 252
62018 62052 82
62044 62050 140
62072 62120 182
62088 62106 149
62111 62140 61
62140 62154 130
62148 62149 5
62173 62218 69
62179 62206 93
62181 62211 8
62206 62228 263
62232 62258 46
62234 62256 197
62260 62278 47
62285 62335 16
62306 62310 252
62327 62352 104
62342 62372 265
62366 62369 218
62372 62377 102
62389 62413 260
62413 62452 31
62417 62423 3
62426 62434 105
62437 62466 45
62463 62500 230
62477 62481 73
62480 62502 31
62504 62516 186
62532 62576 266
62535 62576 127
62562 62592 106
62565 62570 179
62573 62615 127
62588 62608 278
62594 62643 211
62603 62642 17
62614 62627 219
62615 62623 239
62626 62660 211
62642 62679 273
62672 62682 75
62693 62699 224
62704 62737 211
62711 62716 66
62741 62758 286
62744 62777 251
62746 62790 1
62767 62811 288
62790 62804 260
62817 62829 144
62840 62875 100
62854 62882 244
62858 62874 43
62886 62925 256
62908 62939 63
62921 62926 78
62927 62971 17
62956 62983 140
62980 63015 14
62999 63021 245
63025 63049 211
63036 63065 288
63050 63066 43
63056 63057 64
63065 63093 201
63084 63131 248
63088 63100 185
63105 63141 267
63110 63125 290
63112 63158 56
63113 63139 130
63128 63148 130
63145 63149 228
63171 63210 43
63177 63227 248
63206 63214 50
63233 63239 116
63246 63266 78
63249 63266 213
63251 63301 107
63266 63288 45
63275 63282 238
63302 63337 113
63332 63379 96
63352 63355 247
63367 63383 117
63394 63425 26
63403 63426 5
63425 63451 119
63433 63440 270
63449 63456 242
63469 63483 22
63493 63527 277
63494 63509 76
63518 63541 223
63522 63569 292
63526 63533 150
63544 63592 117
63546 63574 43
63561 63574 160
63564 63606 298
63579 63589 151
63599 63600 78
63603 63624 161
63630 63659 63
63645 63688 57
63648 63698 111
63655 63688 74
63658 63659 66
63679 63704 162
63684 63708 190
63700 63733 249
63705 63745 133
63733 63783 51
63756 63789 131
63761 63807 201
63761 63799 215
63769 63812 95
63773 63792 112
63775 63802 25
63799 63848 181
63816 63825 124
63830 63860 123
63850 63874 204
63874 63912 226
63895 63914 250
63907 63954 61
63937 63967 120
63951 63987 213
63971 63994 9
63980 63982 69
63981 64022 42
64009 64055 200
64012 64016 143
64015 64023 123
64041 64044 243
64045 64082 137
64065 64082 47
64083 64107 171
64097 64133 47
64114 64145 168
64136 64157 286
64141 64168 71
64154 64173 186
64161 64192 144
64165 64180 42
64178 64185 155
64184 64212 45
64200 64215 187
64201 64225 109
64223 64269 101
64223 64232 79
64232 64279 290
64258 64287 220
64287 64291 119
64297 64323 51
64302 64333 101
64323 64328 219
64348 64377 26
64354 64398 158
64372 64385 190
64378 64423 20
64398 64399 208
64427 64451 207
64445 64489 180
64474 64522 285
64480 64510 296
64495 64538 74
64513 64524 243
64516 64521 95
64530 64532 60
64560 64584 242
64569 64615 83
64575 64619 109
64594 64615 136
64605 64618 262
64633 64670 60
64656 64669 42
64678 64725 278
64706 64722 163
64710 64727 230
64740 64757 88
64745 64767 271
64750 64780 220
64772 64803 10
64773 64798 214
64779 64816 121
64784 64792 51
64784 64800 15
64784 64833 282
64785 64821 266
64804 64830 21
64828 64857 83
64831 64866 145
64854 64891 25
64880 64881 61
64901 64949 298
64913 64932 209
64914 64915 229
64933 64946 52
64955 65005 15
64979 65019 268
65007 65024 48
65020 65038 52
65045 65086 264
65065 65079 290
65077 65109 146
65103 65131 45
65105 65141 281
65127 65149 281
65148 65170 239
65175 65196 232
65188 65209 268
65204 65231 173
65229 65273 282
65243 65244 63
65243 65275 146
65269 65273 266
65276 65293 28
65303 65307 216
65317 65365 246
65343 65376 297
65361 65395 130
65385 65410 295
65392 65423 33
65416 65454 104
65430 65459 135
65452 65494 26
65453 65480 108
65482 65503 59
65486 65516 12
65509 65514 76
65528 65563 118
65539 65577 5
65561 65591 114
65584 65607 207
65592 65609 135
65598 65645 205
65611 65654 262
65641 65680 97
65652 65671 197
65668 65679 174
65695 65735 89
65709 65757 234
65727 65777 126
65738 65771 136
65753 65789 94
65773 65806 37
65787 65830 119
65790 65830 42
65806 65855 40
65827 65848 258
65855 65894 20
65873 65887 287
65902 65952 113
65906 65936 10
65920 65938 203
65925 65969 218
65955 65956 274
65956 65998 63
65983 66031 183
65990 66031 65
66014 66025 39
66029 66070 17
66039 66088 91
66050 66082 107
66080 66115 290
66082 66085 173
66086 66115 20
66099 66134 223
66122 66150 159
66126 66129 202
66151 66153 114
66152 66191 255
66168 66200 133
66181 66186 16
66209 66249 204
66229 66254 9
66253 66261 201
66274 66287 45
66292 66301 263
66301 66314 249
66303 66339 39
66331 66341 25
66348 66374 5
66350 66390 130
66377 66403 179
66386 66418 174
66411 66443 139
66439 66441 16
66444 66476 184
66448 66489 124
66462 66488 49
66484 66494 181
66514 66517 24
66514 66562 137
66522 66549 217
66541 66564 173
66557 66604 72
66578 66585 82
66593 66635 116
66623 66632 205
66635 66677 89
66638 66676 105
66645 66674 3
66662 66706 255
66664 66702 238
66686 66707 174
66704 66750 37
66724 66739 95
66729 66770 105
66733 66773 37
66743 66791 96
66743 66779 125
66753 66765 274
66761 66769 197
66774 66794 226
66777 66787 87
66801 66806 105
66803 66845 257
66823 66861 9
66846 66893 50
66869 66876 54
66882 66905 120
66893 66897 76
66907 66947 236
66928 66934 200
66944 66981 254
66949 66955 154
66971 67012 86
66981 66992 259
67005 67036 87
67016 67053 247
67022 67032 210
67051 67070 125
67062 67074 236
67081 67130 247
67093 67119 238
67102 67113 129
67115 67156 212
67118 67135 113
67128 67172 106
67136 67143 131
67154 67188 139
67180 67183 212
67210 67222 223
67226 67234 43
67226 67253 102
67226 67228 90
67244 67258 252
67266 67270 73
67286 67293 278
67307 67328 224
67337 67349 241
67352 67368 141
67381 67391 107
67386 67414 29
67408 67457 260
67410 67438 147
67421 67446 180
67445 67493 139
67463 67509 254
67476 67517 170
67501 67519 55
67529 67559 145
67551 67595 74
67569 67614 186
67581 67589 141
67607 67636 104
67631 67638 89
67647 67689 97
67653 67679 63
67666 67673 283
67691 67697 218
67704 67730 156
67734 67773 134
67748 67758 8
67775 67787 277
67781 67822 57
67811 67844 73
67825 67837 91
67848 67872 15
67864 67875 19
67867 67897 276
67887 67907 67
67910 67917 142
67914 67941 231
67920 67937 53
67935 67942 297
67952 68002 47
67973 67991 165
67998 68034 133
68002 68022 209
68018 68034 121
68031 68069 116
68050 68083 38
68076 68099 188
68082 68102 249
68107 68153 129
68132 68182 261
68156 68184 103
68166 68193 75
68193 68196 3
68215 68247 259
68239 68276 154
68247 68293 122
68264 68289 57
68281 68328 117
68287 68293 225
68311 68317 69
68326 68329 207
68332 68379 261
68360 68408 132
68365 68402 69
68382 68427 123
68387 68437 36
68397 68433 193
68425 68470 188
68430 68451 62
68436 68481 84
68446 68468 240
68469 68502 12
68470 68510 56
68498 68514 211
68528 68578 248
68539 68570 110
68550 68596 208
68575 68602 88
68603 68643 23
68614 68654 207
68637 68680 61
68648 68669 216
68672 68711 114
68701 68711 291
68705 68720 293
68709 68747 52
68735 68754 294
68763 68808 65
68791 68827 28
68806 68825 33
68809 68821 37
68819 68832 246
68848 68867 137
68872 68886 134
68874 68903 176
68887 68907 39
68913 68954 93
68940 68984 59
68958 68990 17
68959 68993 207
68967 69016 88
68974 69024 121
68979 69023 240
69003 69016 146
69032 69070 171
69062 69112 1
69065 69107 118
69067 69109 265
69096 69109 182
69122 69150 299
69128 69156 39
69151 69177 151
69156 69190 131
69175 69180 75
69179 69207 226
69189 69199 121
69203 69235 288
69225 69260 46
69251 69276 198
69254 69262 102
69258 69281 270
69287 69328 89
69314 69338 105
69322 69332 97
69338 69373 101
69366 69394 80
69373 69392 126
69384 69425 130
69389 69405 294
69405 69422 158
69420 69460 26
69425 69441 106
69451 69479 289
69474 69515 40
69488 69523 235
69495 69505 221
69504 69509 18
69519 69531 31
69526 69547 202
69547 69572 2
69564 69585 263
69569 69600 74
69586 69615 204
69595 69616 222
69605 69646 145
69608 69610 55
69629 69632 105
69637 69687 15
69657 69689 166
69673 69708 185
69691 69694 193
69697 69723 285
69719 69734 295
69732 69755 171
69735 69760 9
69744 69777 222
69760 69798 280
69767 69813 270
69786 69814 145
69811 69817 274
69830 69872 266
69848 69882 215
69869 69917 148
69881 69903 255
69889 69933 30
69897 69919 223
69900 69938 235
69915 69965 250
69928 69945 93
69943 69958 148
69971 70019 228
69985 70012 174
69986 69994 46
70006 70055 286
70013 70031 94
70035 70062 138
70049 70080 166
70057 70074 140
70072 70093 38
70095 70136 229
70096 70125 98
70122 70135 251
70145 70167 207
70147 70178 287
70153 70169 212
70158 70160 24
70180 70224 90
70183 70224 285
70200 70207 245
70209 70238 23
70210 70255 178
70211 70249 265
70211 70233 165
70224 70263 8
70241 70261 230
70257 70287 172
70278 70314 214
70287 70315 241
70314 70342 106
70342 70388 283
70346 70373 252
70368 70375 62
70382 70401 59
70406 70452 204
70420 70446 46
70423 70432 147
70444 70460 274
70459 70470 126
70479 70524 67
70493 70495 38
70523 70548 230
70524 70556 115
70552 70563 180
70569 70588 99
70577 70599 134
70589 70602 58
70614 70650 198
70640 70681 127
70651 70662 279
70663 70667 203
70677 70688 127
70704 70720 99
70712 70757 289
70733 70775 247
70757 70807 206
70771 70805 293
70776 70826 129
70779 70811 223
70782 70796 78
70798 70821 170
70805 70816 114
70835 70849 251
70864 70865 141
70879 70915 230
70909 70927 229
70939 70989 138
70956 70996 25
70956 70996 181
70984 71003 57
70984 70986 193
70991 70996 257
71012 71049 193
71023 71070 284
71031 71042 185
71031 71061 145
71051 71068 87
71077 71096 109
71097 71116 178
71121 71171 244
71140 71151 223
71151 71155 268
71174 71209 281
71188 71203 47
71198 71232 244
71200 71212 31
71216 71233 59
71245 71292 249
71254 71301 129
71259 71271 207
71264 71304 22
71278 71326 164
71301 71346 140
71306 71346 181
71309 71313 86
71336 71370 299
71346 71365 118
71373 71403 44
71400 71441 117
71429 71439 2
71455 71491 271
71482 71519 147
71498 71531 289
71524 71565 211
71538 71571 162
71555 71592 289
71559 71599 52
71579 71611 177
71607 71620 102
71627 71662 203
71644 71667 263
71654 71668 188
71674 71716 184
71679 71688 99
71696 71737 84
71717 71736 251
71724 71733 166
71726 71756 137
71755 71772 222
71785 71811 12
71785 71832 145
71813 71862 114
71822 71848 116
71839 71874 278
71839 71884 139
71854 71901 200
71880 71917 284
71888 71913 88
71910 71956 128
71916 71965 251
71938 71974 270
71938 71981 274
71965 72010 154
71993 72019 83
71997 72013 234
72014 72025 61
72022 72034 215
72040 72047 255
72050 72100 109
72057 72083 97
72083 72095 142
72094 72104 234
72105 72116 27
72125 72173 216
72155 72188 226
72180 72220 185
72188 72190 251
72188 72233 101
72208 72246 166
72223 72237 64
72232 72250 180
72238 72272 112
72250 72253 171
72276 72320 21
72277 72287 154
72290 72321 199
72308 72310 23
72334 72353 174
72341 72384 112
72350 72354 230
72369 72378 144
72377 72396 300
72382 72400 61
72405 72427 51
72417 72444 154
72435 72465 200
72442 72491 266
72442 72455 244
72458 72465 45
72481 72485 250
72491 72495 41
72519 72527 245
72519 72561 109
72522 72531 29
72539 72555 167
72545 72579 68
72559 72593 153
72568 72606 128
72573 72577 295
72575 72595 266
72584 72609 142
72611 72652 101
72615 72652 89
72640 72667 269
72656 72692 244
72657 72673 283
72682 72729 155
72707 72731 9
72735 72759 292
72741 72751 246
72763 72812 274
72777 72793 252
72793 72823 134
72802 72852 88
72832 72855 225
72846 72886 175
72849 72897 33
72859 72883 63
72878 72919 183
72894 72910 111
72921 72945 126
72932 72946 287
72957 72960 256
72974 73009 211
72983 73002 270
72995 73040 214
72997 73047 210
73015 73032 293
73042 73089 175
73067 73093 206
73071 73076 115
73097 73100 33
73126 73150 97
73140 73151 39
73158 73193 182
73184 73222 107
73202 73227 95
73232 73262 240
73249 73260 187
73254 73283 95
73273 73279 219
73287 73289 253
73305 73324 240
73322 73331 24
73346 73355 90
73359 73365 294
73383 73413 107
73400 73424 215
73425 73444 128
73438 73461 43
73464 73483 7
73464 73513 200
73494 73532 192
73497 73506 106
73497 73529 239
73506 73547 95
73533 73550 63
73539 73568 237
73547 73572 88
73547 73563 154
73562 73572 175
73563 73603 268
73577 73578 66
73595 73603 256
73609 73629 157
73616 73659 15
73629 73640 252
73657 73677 260
73657 73661 153
73677 73678 132
73705 73714 42
73717 73724 12
73723 73773 165
73723 73759 153
73749 73766 3
73768 73808 289
73786 73830 233
73807 73849 38
73832 73864 195
73858 73885 215
73886 73928 31
73909 73930 43
73924 73935 247
73925 73952 18
73941 73989 136
73944 73981 265
73967 73984 143
73978 74018 237
73991 74017 120
74008 74055 112
74029 74068 44
74039 74073 241
74064 74094 70
74093 74128 140
74112 74127 102
74136 74155 206
74142 74179 36
74155 74176 215
74184 74228 245
74212 74245 56
74234 74241 110
74241 74252 179
74247 74276 124
74266 74271 111
74295 74324 242
74312 74338 189
