5000
21 68 157
50 94 102
62 63 46
65 101 57
66 74 207
72 101 219
80 116 71
92 137 46
95 127 14
110 125 283
115 162 16
141 156 150
165 166 209
193 201 121
215 229 8
236 280 118
263 264 244
274 322 212
274 298 203
274 309 147
281 300 268
299 349 99
327 332 221
341 343 282
353 383 35
375 380 273
404 450 280
428 449 64
455 497 179
477 495 289
493 538 179
522 567 255
524 549 246
525 565 114
546 556 198
562 563 59
582 631 217
587 621 176
608 647 65
610 613 81
627 657 257
641 675 55
668 695 6
683 693 6
702 752 228
714 734 175
742 771 200
766 794 212
781 798 12
809 825 298
836 878 193
843 881 112
862 911 153
880 929 225
902 948 153
928 943 170
931 953 165
954 1003 167
959 1003 251
978 1000 79
978 985 197
991 1002 53
1016 1053 137
1028 1047 180
1035 1051 20
1040 1050 211
1070 1099 208
1084 1089 263
1105 1116 172
1123 1163 15
1127 1168 16
1135 1167 91
1145 1185 71
1145 1152 123
1168 1202 46
1194 1206 266
1211 1218 76
1218 1259 96
1231 1233 126
1238 1239 267
1248 1270 225
1261 1269 241
1274 1278 135
1298 1317 62
1321 1337 42
1341 1359 4
1368 1404 174
1388 1428 44
1404 1424 179
1419 1425 57
1438 1446 232
1441 1447 77
1445 1448 225
1446 1473 158
1469 1476 114
1499 1545 37
1528 1567 236
1556 1586 133
1584 1593 212
1594 1636 19
1607 1641 213
1616 1617 99
1631 1668 80
1661 1665 243
1683 1732 103
1704 1731 201
1717 1721 284
1732 1777 3
1760 1784 214
1765 1799 133
1782 1823 13
1783 1813 211
1792 1803 58
1801 1809 35
1809 1840 50
1817 1843 283
1837 1847 152
1848 1855 207
1863 1872 139
1870 1902 147
1870 1915 270
1890 1938 246
1910 1927 232
1932 1941 152
1932 1938 41
1961 1971 54
1968 1972 167
1972 1979 34
1994 2020 143
2024 2032 235
2039 2040 210
2039 2063 66
2063 2076 181
2066 2110 264
2087 2099 81
2108 2123 30
2121 2157 195
2121 2164 174
2138 2144 114
2163 2207 269
2191 2214 76
2211 2256 137
2240 2259 220
2267 2292 6
2295 2297 224
2313 2334 279
2319 2327 92
2333 2373 192
2356 2384 52
2360 2361 6
2370 2387 51
2398 2429 40
2403 2449 240
2410 2418 283
2423 2468 295
2434 2456 102
2460 2461 253
2487 2532 86
2493 2519 11
2498 2511 141
2511 2515 177
2522 2566 67
2534 2571 81
2558 2572 207
2562 2586 112
2569 2617 213
2593 2635 209
2603 2641 222
2614 2652 44
2633 2656 182
2645 2689 107
2646 2656 105
2667 2671 125
2682 2695 152
2699 2704 270
2729 2756 164
2742 2760 222
2759 2771 91
2778 2788 153
2803 2853 290
2811 2823 27
2841 2882 284
2866 2889 166
2871 2888 253
2896 2927 142
2902 2913 199
2925 2947 288
2929 2974 26
2957 2965 255
2959 3005 176
2983 2989 56
2989 3016 124
3002 3044 13
3009 3033 71
3009 3043 64
3029 3074 294
3043 3092 193
3071 3088 162
3098 3138 112
3126 3142 122
3146 3175 283
3161 3183 202
3171 3208 251
3171 3177 15
3173 3197 8
3196 3209 166
3200 3212 67
3215 3216 246
3228 3246 115
3247 3265 207
3258 3278 213
3268 3282 133
3294 3320 277
3300 3313 283
3316 3362 109
3321 3322 86
3332 3381 292
3358 3382 277
3374 3406 146
3399 3419 61
3415 3461 14
3433 3481 287
3447 3493 212
3447 3465 158
3473 3481 106
3474 3510 158
3493 3512 298
3506 3544 81
3534 3571 69
3534 3542 223
3562 3584 40
3582 3615 111
3589 3609 61
3596 3615 164
3622 3665 147
3632 3647 153
3640 3687 69
3658 3663 102
3669 3674 105
3680 3695 235
3688 3721 244
3696 3745 228
3720 3762 100
3730 3742 286
3756 3766 32
3769 3778 161
3782 3791 118
3801 3841 179
3826 3832 40
3842 3848 282
3847 3888 251
3863 3888 206
3887 3928 254
3917 3948 71
3930 3954 289
3959 3960 224
3983 4027 263
3989 3993 116
4003 4043 180
4010 4042 202
4028 4052 111
4053 4072 204
4078 4114 3
4083 4113 193
4108 4149 286
4131 4175 120
4152 4156 81
4158 4169 109
4158 4172 171
4181 4206 160
4201 4238 147
4205 4250 271
4229 4265 95
4239 4260 42
4256 4285 231
4269 4289 244
4279 4286 186
4284 4310 56
4309 4354 299
4316 4353 136
4332 4376 155
4335 4365 117
4355 4377 207
4380 4409 272
4407 4415 124
4435 4470 34
4435 4460 154
4436 4450 182
4443 4458 291
4468 4490 85
4497 4513 177
4518 4563 138
4546 4585 131
4563 4564 40
4583 4588 61
4596 4602 19
4620 4636 170
4624 4669 11
4636 4641 297
4649 4676 262
4662 4700 240
4692 4729 54
4716 4745 197
4725 4741 222
4754 4804 201
4775 4795 214
4802 4842 263
4804 4847 60
4813 4847 256
4822 4867 98
4849 4881 61
4875 4925 226
4878 4925 141
4898 4930 59
4916 4966 128
4937 4952 17
4954 4987 132
4962 4982 98
4971 4978 121
4995 5006 11
5002 5004 297
5027 5062 21
5046 5063 145
5071 5114 157
5088 5131 76
5103 5145 123
5107 5126 134
5127 5170 277
5133 5145 44
5137 5139 22
5146 5159 48
5156 5161 126
5164 5174 87
5194 5206 87
5224 5231 282
5245 5289 229
5259 5284 19
5278 5302 187
5294 5337 92
5301 5311 62
5303 5333 211
5304 5348 125
5311 5333 263
5311 5350 150
5333 5372 12
5338 5368 27
5362 5388 170
5363 5399 87
5393 5411 157
5401 5442 84
5417 5455 53
5434 5478 72
5456 5470 202
5465 5480 156
5489 5506 96
5519 5520 61
5529 5542 180
5546 5549 160
5565 5613 79
5578 5592 162
5596 5633 237
5615 5642 127
5644 5662 130
5651 5686 248
5663 5677 288
5692 5697 5
5697 5736 238
5699 5720 264
5699 5732 141
5710 5730 141
5716 5760 167
5739 5764 77
5757 5769 145
5775 5824 84
5789 5802 277
5790 5824 68
5808 5857 177
5819 5842 67
5845 5865 120
5849 5885 201
5874 5923 197
5885 5894 180
5895 5903 37
5910 5934 76
5928 5959 90
5937 5960 28
5946 5986 274
5968 5990 197
5977 6021 259
5987 6011 264
5994 6038 134
6016 6029 137
6031 6057 194
6053 6103 171
6065 6092 240
6083 6122 165
6099 6140 67
6100 6106 137
6110 6150 220
6117 6125 64
6126 6131 190
6127 6139 296
6140 6183 66
6153 6160 263
6163 6187 246
6176 6191 193
6190 6224 193
6213 6250 98
6224 6230 91
6224 6249 7
6253 6292 15
6280 6316 293
6294 6340 183
6318 6338 114
6325 6356 16
6341 6347 291
6362 6368 241
6377 6403 127
6382 6415 208
6390 6394 252
6396 6398 106
6425 6431 252
6455 6462 254
6485 6518 114
6509 6550 243
6538 6539 264
6559 6578 228
6569 6604 187
6599 6640 11
6619 6636 164
6625 6642 167
6625 6630 246
6647 6672 170
6654 6700 20
6657 6692 188
6665 6681 48
6695 6738 225
6718 6753 37
6743 6755 66
6750 6753 184
6775 6782 140
6780 6807 21
6800 6824 271
6802 6810 300
6809 6815 190
6838 6878 290
6866 6886 245
6876 6920 121
6881 6908 198
6910 6929 18
6921 6954 32
6942 6948 212
6953 6987 178
6975 7021 240
6994 7041 281
6994 7013 246
7005 7027 183
7015 7033 146
7044 7093 52
7062 7083 280
7085 7119 278
7113 7141 300
7129 7165 219
7143 7188 21
7153 7162 241
7181 7197 289
7211 7260 46
7215 7250 191
7228 7250 161
7241 7290 130
7242 7291 196
7269 7273 270
7295 7306 187
7312 7355 106
7337 7357 85
7337 7363 275
7347 7375 139
7365 7389 63
7379 7408 129
7398 7424 86
7400 7445 298
7412 7452 179
7417 7459 14
7419 7445 75
7447 7460 90
7477 7501 6
7478 7523 168
7490 7512 200
7508 7520 220
7520 7561 292
7537 7572 178
7539 7557 83
7540 7553 165
7546 7557 166
7556 7559 155
7571 7620 153
7589 7626 261
7590 7598 293
7619 7652 231
7643 7691 258
7658 7705 155
7669 7691 249
7672 7683 297
7683 7703 180
7692 7742 98
7717 7741 145
7726 7748 162
7738 7781 227
7740 7771 280
7766 7787 257
7787 7803 56
7805 7854 89
7824 7844 244
7844 7858 198
7857 7875 234
7883 7898 34
7908 7919 10
7914 7924 153
7920 7931 62
7945 7955 252
7946 7964 105
7951 7954 195
7965 8013 38
7977 8006 116
7986 8006 8
8005 8012 29
8022 8067 290
8042 8076 34
8042 8088 220
8053 8069 83
8073 8118 245
8076 8113 271
8093 8121 264
8121 8133 208
8131 8181 119
8141 8169 103
8146 8149 204
8169 8177 270
8185 8224 9
8187 8215 150
8202 8232 83
8202 8223 174
8228 8244 217
8229 8245 177
8244 8266 165
8272 8306 133
8282 8318 53
8310 8360 191
8324 8330 245
8343 8358 138
8350 8359 148
8379 8426 83
8381 8389 17
8406 8452 4
8416 8444 133
8439 8480 283
8467 8483 151
8475 8524 7
8484 8505 194
8499 8537 28
8515 8562 27
8540 8579 256
8566 8600 196
8594 8639 28
8595 8623 224
8601 8645 48
8625 8643 170
8637 8645 13
8646 8690 12
8672 8675 28
8678 8717 147
8708 8748 154
8714 8744 121
8723 8771 112
8724 8771 2
8744 8755 293
8766 8785 91
8777 8813 292
8795 8797 101
8799 8840 191
8810 8843 39
8810 8857 114
8822 8867 57
8827 8868 233
8832 8877 215
8851 8857 50
8880 8914 219
8887 8914 4
8898 8943 86
8902 8933 30
8919 8931 84
8930 8936 166
8942 8951 59
8958 8978 44
8979 8980 298
9000 9030 153
9008 9029 2
9028 9044 2
9047 9067 293
9050 9082 38
9061 9094 253
9070 9081 126
9072 9088 191
9095 9120 76
9120 9124 123
9135 9145 98
9137 9181 151
9153 9182 22
9156 9201 72
9177 9220 100
9198 9218 135
9226 9252 276
9254 9263 145
9262 9273 258
9280 9300 180
9287 9314 271
9312 9356 214
9339 9373 295
9368 9382 72
9384 9401 95
9405 9434 207
9434 9442 53
9451 9475 69
9463 9492 213
9487 9495 143
9504 9553 231
9516 9524 130
9543 9545 247
9546 9583 10
9550 9563 236
9563 9613 6
9583 9617 269
9610 9633 270
9639 9641 65
9666 9690 56
9669 9711 109
9675 9712 71
9705 9747 111
9722 9735 84
9741 9773 64
9751 9755 240
9766 9793 298
9779 9794 147
9781 9791 14
9807 9810 158
9837 9857 267
9839 9889 23
9851 9881 259
9868 9888 160
9890 9898 4
9908 9947 165
9916 9963 143
9926 9933 247
9928 9960 40
9936 9959 167
9947 9987 232
9976 9995 20
9984 10010 28
10008 10027 69
10032 10074 63
10035 10056 184
10039 10086 31
10065 10093 21
10078 10101 49
10094 10132 2
10115 10130 172
10121 10124 71
10135 10176 58
10156 10195 204
10164 10208 238
10190 10220 34
10208 10233 216
10230 10260 58
10245 10250 90
10267 10314 86
10273 10308 129
10295 10345 216
10312 10342 105
10323 10360 199
10326 10332 168
10344 10394 83
10354 10357 139
10369 10389 203
10396 10443 241
10396 10418 76
10420 10442 11
10423 10426 209
10452 10492 96
10459 10465 216
10469 10486 239
10485 10516 261
10514 10539 6
10536 10546 207
10547 10551 150
10556 10602 123
10563 10611 65
10571 10585 169
10576 10583 181
10586 10619 237
10595 10599 50
10599 10643 111
10607 10635 289
10627 10677 152
10656 10688 284
10673 10685 79
10676 10697 188
10705 10720 48
10706 10746 8
10706 10732 97
10712 10746 255
10728 10731 296
10756 10800 249
10773 10811 278
10790 10803 163
10796 10806 211
10814 10816 80
10844 10867 206
10866 10910 225
10892 10928 34
10907 10909 163
10914 10964 25
10923 10931 225
10934 10976 43
10956 10995 158
10977 10988 40
10979 10989 28
10987 11021 79
10996 11008 101
11009 11054 256
11010 11044 7
11016 11045 208
11025 11063 274
11048 11085 188
11055 11094 128
11055 11081 293
11072 11095 159
11090 11116 15
11114 11135 276
11134 11158 280
11138 11150 104
11164 11212 208
11167 11173 156
11189 11232 22
11199 11244 3
11211 11230 235
11231 11238 257
11236 11248 235
11236 11273 114
11265 11281 157
11286 11303 180
11298 11335 245
11302 11335 194
11309 11339 90
11318 11334 123
11338 11358 278
11348 11359 152
11348 11360 141
11375 11396 245
11382 11432 118
11393 11436 153
11408 11442 162
11437 11459 93
11466 11486 78
11483 11495 58
11505 11522 293
11530 11568 167
11555 11560 87
11570 11592 199
11600 11624 180
11624 11644 18
11642 11658 294
11666 11694 97
11694 11697 43
11724 11772 164
11751 11789 179
11771 11776 231
11785 11817 153
11788 11833 52
11812 11848 6
11822 11831 286
11852 11869 12
11870 11872 27
11889 11931 270
11894 11932 237
11918 11962 55
11941 11943 3
11948 11988 183
11971 12018 255
11990 12006 176
12017 12065 46
12022 12059 121
12048 12098 297
12062 12095 229
12080 12123 58
12095 12119 64
12102 12148 265
12113 12138 287
12140 12162 54
12150 12171 89
12150 12183 63
12158 12178 139
12162 12199 240
12174 12179 62
12188 12226 227
12216 12242 17
12229 12241 238
12249 12292 243
12275 12289 259
12296 12320 262
12324 12335 123
12350 12382 5
12359 12383 102
12375 12400 236
12381 12410 13
12397 12411 32
12401 12430 9
12405 12435 297
12429 12449 238
12451 12491 52
12476 12493 200
12495 12507 117
12518 12546 13
12527 12571 40
12549 12599 189
12557 12589 137
12569 12614 215
12583 12611 205
12587 12590 280
12616 12662 161
12633 12637 156
12649 12650 142
12674 12693 135
12695 12712 90
12723 12761 238
12725 12745 195
12731 12770 192
12748 12784 145
12750 12791 275
12759 12766 219
12773 12791 70
12790 12835 240
12800 12842 1
12800 12845 116
12822 12850 167
12822 12831 220
12831 12881 149
12845 12871 219
12857 12892 49
12883 12896 261
12907 12948 136
12930 12973 32
12954 12974 40
12976 12999 288
12976 13011 43
12995 13003 47
12995 13008 276
13016 13059 268
13028 13063 231
13039 13049 165
13047 13090 98
13071 13096 159
13094 13129 140
13121 13164 161
13125 13175 270
13151 13160 53
13179 13206 82
13200 13248 26
13228 13230 97
13232 13237 190
13255 13285 98
13255 13295 85
13256 13294 298
13262 13294 215
13272 13275 181
13300 13329 211
13309 13348 98
13310 13311 91
13320 13348 100
13346 13373 274
13375 13421 206
13405 13445 22
13433 13440 101
13449 13456 179
13477 13516 200
13500 13546 97
13524 13537 201
13539 13542 294
13569 13610 123
13593 13642 147
13597 13618 23
13623 13669 206
13630 13671 64
13652 13690 266
13663 13697 271
13692 13731 140
13705 13707 188
13710 13738 29
13737 13777 262
13763 13789 2
13773 13795 79
13795 13809 166
13809 13827 53
13819 13863 288
13839 13852 74
13859 13901 71
13875 13910 139
13881 13907 148
13889 13909 121
13904 13936 148
13905 13947 110
13925 13934 281
13949 13972 272
13953 14002 101
13966 13987 244
13981 14012 150
14011 14059 95
14030 14056 262
14039 14069 38
14065 14094 79
14068 14117 214
14072 14107 26
14076 14091 269
14077 14081 123
14077 14082 31
14092 14129 85
14107 14147 279
14121 14140 29
14130 14166 113
14140 14185 20
14149 14173 131
14175 14186 4
14194 14220 211
14215 14247 270
14216 14265 122
14240 14286 168
14270 14298 250
14289 14333 124
14293 14332 167
14322 14360 296
14337 14382 177
14367 14417 55
14387 14407 149
14410 14440 173
14422 14456 85
14446 14463 75
14461 14484 260
14490 14499 205
14508 14535 92
14526 14565 214
14542 14549 69
14558 14575 145
14560 14605 294
14587 14604 24
14595 14636 40
14610 14646 116
14629 14666 233
14634 14666 161
14648 14692 79
14674 14685 111
14703 14718 189
14732 14765 26
14740 14789 189
14760 14776 15
14784 14819 11
14811 14851 108
14821 14849 294
14836 14843 269
14850 14877 249
14864 14907 70
14878 14922 106
14893 14924 141
14922 14940 104
14925 14967 198
14937 14963 22
14945 14984 107
14952 14983 222
14963 14993 251
14981 14992 202
14996 15019 160
15005 15049 219
15010 15040 95
15014 15020 248
15015 15038 257
15037 15067 83
15039 15068 159
15046 15072 195
15056 15090 289
15059 15084 3
15071 15106 162
15079 15128 96
15088 15110 283
15094 15137 263
15097 15117 218
15109 15154 19
15123 15126 15
15139 15185 154
15160 15188 67
15185 15225 79
15201 15245 103
15204 15234 232
15210 15260 117
15220 15241 175
15243 15254 22
15250 15272 108
15256 15259 272
15270 15318 210
15275 15323 3
15277 15296 66
15293 15337 174
15315 15352 285
15332 15358 222
15360 15410 54
15379 15399 29
15395 15397 149
15407 15423 83
15437 15451 64
15440 15473 298
15446 15462 46
15457 15465 157
15468 15487 174
15488 15523 200
15515 15539 97
15545 15584 80
15569 15602 200
15578 15593 164
15598 15627 277
15604 15645 166
15625 15657 1
15643 15685 106
15672 15717 102
15685 15729 94
15687 15712 45
15688 15690 28
15712 15721 40
15733 15771 267
15759 15800 167
15759 15800 248
15773 15823 115
15794 15817 256
15824 15827 250
15846 15856 243
15862 15876 83
15867 15885 131
15891 15912 100
15895 15925 219
15908 15953 287
15932 15933 73
15958 15988 105
15983 16030 107
15994 16006 68
15996 16039 265
16015 16020 223
16022 16047 40
16051 16060 184
16051 16076 125
16062 16063 300
16072 16074 165
16077 16089 208
16091 16115 50
16107 16147 34
16126 16135 48
16145 16185 97
16152 16160 178
16162 16187 282
16168 16214 90
16198 16210 178
16221 16269 179
16243 16285 156
16260 16276 278
16263 16305 272
16263 16305 110
16293 16332 222
16315 16316 250
16332 16369 176
16335 16337 160
16346 16358 64
16372 16376 148
16372 16385 202
16377 16401 124
16391 16428 54
16417 16430 38
16424 16436 220
16434 16455 105
16454 16488 171
16482 16484 145
16503 16527 5
16522 16568 73
16550 16559 72
16563 16570 44
16571 16584 146
16576 16616 93
16602 16641 112
16610 16630 137
16630 16653 213
16650 16696 259
16675 16684 224
16704 16711 142
16714 16719 188
16732 16756 126
16750 16792 251
16774 16820 225
16789 16794 244
16800 16817 244
16830 16864 120
16857 16868 31
16864 16900 96
16864 16910 49
16894 16924 132
16894 16941 182
16903 16934 234
16914 16958 34
16941 16947 43
16946 16991 70
16952 16987 76
16953 16973 100
16976 17015 31
16978 17022 33
17006 17008 59
17013 17033 88
17026 17030 9
17045 17066 89
17047 17086 173
17062 17071 106
17075 17087 93
17081 17130 117
17100 17148 7
17119 17154 93
17132 17165 202
17142 17160 71
17148 17185 192
17168 17202 236
17171 17220 213
17190 17213 7
17208 17209 208
17229 17277 159
17239 17273 166
17251 17287 93
17278 17312 64
17294 17315 135
17301 17334 296
17315 17361 57
17324 17340 279
17325 17359 47
17333 17381 263
17351 17367 263
17354 17358 139
17361 17398 219
17373 17376 34
17382 17424 295
17397 17435 80
17416 17466 277
17436 17459 178
17452 17481 143
17452 17502 110
17464 17481 125
17467 17479 27
17487 17489 146
17488 17508 142
17488 17520 9
17491 17496 10
17508 17522 123
17532 17570 161
17540 17582 131
17545 17569 183
17571 17583 230
17594 17620 126
17617 17629 119
17639 17688 286
17656 17664 134
17665 17675 53
17675 17690 96
17699 17742 94
17710 17745 127
17724 17745 52
17730 17755 201
17759 17788 18
17765 17780 119
17771 17798 213
17775 17790 63
17797 17805 186
17820 17861 298
17848 17886 269
17868 17898 132
17893 17943 259
17893 17940 33
17919 17934 189
17938 17969 49
17954 18001 85
17984 17997 41
18000 18021 69
18030 18062 206
18051 18054 45
18062 18092 98
18078 18119 288
18104 18151 225
18125 18129 85
18140 18182 29
18148 18170 221
18154 18163 279
18175 18213 291
18185 18226 165
18192 18219 185
18203 18235 260
18216 18219 94
18227 18236 203
18245 18293 156
18261 18291 47
18291 18315 188
18313 18321 287
18334 18370 117
18353 18355 10
18380 18396 156
18407 18432 112
18419 18464 256
18433 18460 104
18441 18454 39
18464 18504 116
18472 18506 55
18477 18523 40
18484 18507 216
18513 18529 63
18528 18535 258
18540 18587 196
18544 18554 132
18558 18567 156
18579 18620 230
18582 18623 284
18587 18602 134
18590 18601 221
18597 18647 71
18599 18610 278
18600 18634 289
18630 18637 136
18633 18656 59
18646 18691 137
18664 18699 64
18687 18695 262
18691 18730 232
18700 18741 66
18720 18769 231
18737 18775 8
18762 18781 9
18791 18792 78
18811 18853 120
18817 18835 137
18840 18890 86
18844 18854 156
18867 18880 259
18883 18906 72
18900 18916 140
18918 18941 151
18948 18997 188
18971 19004 231
18976 19012 190
18992 19030 297
19013 19033 243
19023 19066 97
19051 19098 280
19081 19112 85
19089 19136 28
19107 19137 277
19113 19153 1
19120 19161 279
19146 19152 73
19149 19151 269
19165 19200 262
19182 19205 293
19192 19226 243
19200 19208 217
19208 19249 169
19211 19252 271
19227 19266 299
19245 19272 83
19252 19286 100
19272 19320 263
19296 19341 224
19305 19348 56
19325 19367 84
19331 19351 129
19353 19370 274
19381 19415 138
19383 19413 186
19386 19427 75
19403 19450 270
19420 19436 40
19443 19445 214
19453 19469 99
19456 19493 290
19474 19484 277
19501 19522 71
19514 19519 239
19542 19582 92
19566 19580 76
19575 19602 25
19582 19610 55
19595 19624 77
19609 19626 37
19612 19661 27
19623 19630 248
19648 19659 210
19659 19680 124
19679 19710 15
19702 19750 286
19720 19721 9
19736 19746 176
19745 19772 231
19757 19800 52
19768 19796 282
19785 19798 97
19814 19850 151
19822 19847 28
19822 19828 178
19832 19871 238
19861 19874 231
19874 19913 146
19894 19915 256
19921 19968 214
19946 19963 143
19962 20001 2
19984 20025 221
19987 19991 1
19993 20012 61
20007 20019 176
20024 20040 46
20037 20085 236
20060 20061 131
20069 20090 53
20075 20100 201
20103 20126 231
20106 20125 235
20113 20122 178
20117 20125 231
20136 20179 227
20163 20190 109
20185 20190 195
20211 20252 59
20213 20248 272
20242 20289 150
20266 20278 132
20284 20296 243
20295 20323 60
20325 20361 250
20331 20347 219
20344 20390 199
20370 20387 117
20378 20409 179
20381 20413 64
20389 20426 268
20410 20444 142
20423 20439 104
20446 20467 53
20461 20483 276
20486 20527 69
20495 20523 299
20514 20561 164
20514 20519 279
20529 20556 153
20551 20564 128
20572 20618 62
20596 20634 247
20598 20601 184
20615 20654 174
20644 20671 99
20670 20705 212
20676 20706 263
20683 20721 138
20702 20707 13
20729 20774 162
20736 20785 186
20748 20771 223
20755 20791 192
20774 20795 289
20790 20792 12
20803 20830 299
20805 20846 219
20833 20854 269
20858 20870 9
20867 20898 112
20874 20910 213
20891 20910 83
20919 20931 210
20934 20954 287
20936 20962 264
20945 20979 142
20954 20983 97
20964 21003 261
20981 21017 63
21008 21057 84
21021 21042 255
21048 21050 262
21066 21096 269
21067 21097 204
21097 21129 176
21106 21147 82
21112 21146 232
21130 21166 171
21148 21158 14
21177 21224 247
21201 21235 83
21230 21232 300
21251 21287 150
21258 21276 123
21261 21309 152
21285 21306 167
21291 21316 43
21304 21323 252
21319 21343 136
21334 21348 160
21362 21399 211
21374 21417 152
21397 21401 210
21425 21435 54
21434 21443 27
21439 21479 155
21444 21452 138
21462 21511 288
21488 21523 209
21502 21520 163
21518 21567 286
21538 21583 248
21560 21588 44
21567 21605 6
21578 21609 293
21595 21627 248
21604 21654 281
21628 21661 253
21635 21670 255
21641 21688 223
21665 21686 79
21685 21730 27
21685 21706 221
21710 21733 246
21714 21752 205
21719 21762 234
21728 21757 216
21747 21791 128
21762 21784 90
21768 21782 194
21777 21803 238
21780 21804 158
21780 21813 4
21796 21814 269
21818 21860 154
21844 21884 273
21865 21870 251
21891 21907 177
21918 21924 291
21931 21947 207
21937 21976 74
21948 21968 268
21972 21994 242
21976 21993 136
21997 22032 187
22006 22041 204
22011 22028 43
22037 22073 117
22038 22081 78
22057 22097 24
22068 22072 93
22096 22129 169
22114 22140 209
22129 22178 198
22134 22144 282
22158 22163 276
22176 22191 224
22184 22232 280
22201 22210 200
22202 22245 146
22212 22239 258
22215 22221 264
22231 22257 29
22256 22259 101
22264 22304 226
22282 22294 120
22303 22326 209
22310 22340 5
22322 22362 79
22346 22395 173
22375 22396 150
22386 22415 64
22410 22440 115
22418 22433 104
22447 22494 149
22448 22457 214
22453 22462 111
22454 22492 122
22469 22512 26
22486 22509 204
22508 22509 195
22525 22567 267
22527 22564 189
22528 22530 237
22534 22566 15
22536 22562 168
22563 22586 256
22577 22599 87
22593 22608 89
22593 22594 291
22615 22660 225
22639 22670 181
22649 22677 130
22667 22678 10
22667 22700 221
22677 22706 22
22707 22724 175
22737 22750 200
22739 22760 242
22766 22788 251
22782 22796 211
22787 22798 33
22793 22804 51
22812 22831 232
22834 22846 185
22859 22908 136
22870 22903 293
22870 22919 217
22881 22914 70
22890 22895 269
22894 22902 85
22900 22919 6
22917 22931 285
22919 22941 131
22921 22962 10
22943 22945 274
22963 22998 65
22968 23001 238
22972 23015 39
22987 23028 118
23016 23066 248
23042 23088 152
23072 23099 211
23088 23104 208
23111 23115 172
23130 23176 164
23138 23141 84
23152 23199 157
23171 23184 137
23181 23220 24
23189 23195 217
23199 23204 270
23212 23261 14
23236 23263 148
23240 23242 300
23251 23273 196
23254 23286 153
23272 23312 123
23297 23317 109
23316 23321 143
23334 23350 192
23356 23363 234
23371 23387 157
23380 23381 124
23389 23430 105
23403 23446 134
23411 23461 291
23421 23426 210
23423 23462 218
23450 23466 285
23477 23495 102
23482 23515 163
23504 23520 228
23508 23510 181
23519 23563 208
23523 23550 33
23545 23565 139
23564 23579 218
23580 23618 40
23600 23607 29
23628 23636 212
23646 23674 235
23648 23675 24
23662 23696 194
23690 23710 215
23695 23743 151
23701 23734 72
23707 23738 241
23737 23747 217
23739 23758 265
23739 23746 242
23751 23794 129
23776 23788 75
23781 23807 114
23790 23807 180
23814 23825 28
23828 23873 46
23830 23861 48
23836 23843 21
23839 23882 132
23856 23884 279
23884 23906 80
23888 23938 158
23894 23933 188
23921 23951 43
23930 23950 206
23937 23970 27
23964 23992 162
23976 23981 214
23978 23995 287
24003 24045 18
24026 24057 181
24044 24094 269
24073 24114 55
24093 24103 250
24108 24116 241
24132 24143 191
24153 24162 219
24169 24189 154
24186 24195 249
24202 24225 280
24220 24258 121
24235 24242 36
24259 24283 298
24267 24316 93
24272 24321 259
24288 24308 31
24318 24326 25
24320 24331 41
24327 24344 79
24349 24365 66
24352 24379 91
24365 24398 100
24367 24390 148
24389 24412 35
24390 24418 113
24408 24434 110
24417 24466 126
24422 24462 65
24425 24439 285
24425 24441 73
24443 24451 147
24450 24469 76
24462 24511 180
24486 24520 44
24513 24529 56
24536 24555 193
24538 24584 289
24559 24598 222
24580 24612 108
24581 24615 53
24608 24657 294
24617 24632 113
24634 24651 166
24653 24683 163
24671 24674 163
24691 24738 26
24706 24742 286
24720 24742 206
24728 24753 205
24748 24752 270
24766 24812 250
24784 24827 189
24809 24824 292
24822 24855 55
24842 24865 207
24870 24889 223
24880 24895 77
24891 24938 224
24905 24918 291
24906 24919 21
24920 24955 54
24944 24952 163
24958 25000 289
24964 25005 193
24978 24999 35
25000 25022 187
25022 25054 60
25040 25046 281
25063 25070 23
25093 25112 145
25095 25122 245
25103 25109 204
25109 25151 206
25131 25172 286
25132 25157 221
25156 25204 24
25169 25195 293
25191 25206 67
25220 25263 274
25250 25292 20
25251 25261 148
25275 25281 168
25291 25323 93
25295 25330 226
25308 25339 191
25325 25326 202
25352 25378 219
25360 25393 239
25385 25417 128
25396 25430 52
25405 25439 165
25432 25456 78
25440 25461 272
25450 25459 124
25463 25511 292
25483 25521 240
25491 25541 286
25495 25537 236
25520 25559 14
25548 25574 144
25557 25589 213
25568 25597 7
25581 25602 53
25593 25609 253
25605 25626 89
25620 25653 28
25647 25691 243
25677 25694 51
25687 25713 120
25699 25703 10
25699 25748 210
25716 25766 259
25743 25756 296
25755 25762 232
25767 25797 25
25788 25809 49
25792 25801 296
25795 25804 128
25821 25827 56
25850 25855 168
25864 25871 179
25884 25893 238
25913 25956 145
25929 25958 114
25933 25965 36
25962 25971 241
25990 26030 265
26008 26033 15
26038 26063 115
26062 26081 96
26076 26087 55
26105 26152 163
26113 26133 124
26128 26163 40
26153 26189 116
26172 26197 26
26200 26219 48
26214 26245 300
26236 26238 239
26250 26300 15
26260 26279 104
26276 26290 139
26292 26326 251
26302 26343 72
26305 26313 19
26321 26348 16
26338 26357 138
26356 26399 291
26376 26405 154
26380 26409 254
26406 26408 148
26409 26442 195
26427 26477 292
26441 26464 80
26449 26454 113
26477 26498 81
26487 26533 274
26503 26550 30
26524 26571 72
26543 26554 158
26564 26589 208
26594 26638 34
26615 26655 287
26630 26631 187
26644 26694 82
26659 26709 202
26676 26716 247
26695 26721 13
26713 26737 266
26738 26777 245
26742 26790 21
26747 26795 248
26754 26757 7
26769 26803 192
26772 26790 107
26780 26830 44
26810 26824 168
26836 26843 234
26858 26890 249
26884 26922 111
26912 26936 26
26923 26942 138
26947 26950 286
26950 26996 90
26963 26989 30
26973 26995 143
26988 26993 232
27002 27025 224
27019 27028 142
27030 27044 36
27058 27103 144
27078 27104 69
27107 27133 278
27125 27152 226
27126 27130 45
27145 27168 199
27146 27183 288
27153 27196 128
27154 27155 234
27173 27200 260
27174 27175 114
27186 27221 217
27187 27229 149
27215 27242 75
27244 27278 207
27271 27319 164
27276 27287 144
27286 27288 262
27298 27321 117
27300 27325 283
27308 27337 19
27335 27344 271
27352 27354 137
27360 27401 95
27368 27384 203
27380 27395 256
27404 27410 126
27433 27441 44
27449 27480 80
27456 27491 101
27481 27516 204
27485 27519 300
27511 27546 92
27512 27546 70
27518 27535 146
27536 27569 226
27538 27553 140
27557 27599 37
27573 27611 66
27596 27640 182
27596 27606 259
27626 27663 181
27626 27646 81
27640 27666 36
27650 27700 86
27652 27682 133
27666 27687 141
27675 27723 1
27703 27736 193
27731 27745 297
27745 27765 152
27763 27794 135
27793 27808 92
27798 27828 225
27826 27846 61
27834 27851 101
27847 27863 160
27858 27885 2
27860 27872 290
27867 27895 41
27895 27899 205
27924 27925 132
27933 27970 10
27943 27964 53
27943 27973 80
27948 27990 193
27950 27995 128
27968 27978 290
27979 28002 197
28003 28022 300
28027 28035 166
28043 28079 101
28071 28119 201
28084 28128 58
28110 28147 146
28126 28149 214
28141 28152 67
28154 28173 296
28165 28206 219
28185 28210 259
28192 28219 73
28202 28209 162
28223 28245 110
28227 28247 113
28254 28275 291
28272 28292 90
28280 28314 186
28291 28307 189
28311 28341 184
28329 28339 238
28338 28387 294
28344 28364 251
28359 28401 164
28375 28423 175
28382 28389 54
28392 28425 105
28400 28427 292
28404 28415 18
28415 28444 68
28434 28442 91
28451 28458 269
28479 28505 218
28483 28486 53
28492 28508 137
28507 28513 275
28522 28549 57
28527 28544 278
28549 28587 89
28563 28564 84
28586 28603 102
28608 28658 33
28617 28641 1
28633 28657 107
28644 28681 67
28666 28715 176
28681 28707 65
28681 28692 287
28685 28722 41
28705 28719 287
28713 28759 251
28738 28745 129
28749 28756 62
28769 28812 162
28793 28795 230
28821 28826 143
28831 28848 72
28845 28864 10
28874 28891 141
28885 28932 274
28908 28949 93
28914 28925 226
28923 28931 284
28943 28980 99
28945 28983 74
28958 29007 124
28963 28969 209
28990 29013 112
29014 29021 10
29034 29059 201
29060 29070 90
29064 29083 86
29079 29114 163
29107 29112 279
29131 29175 125
29139 29172 299
29165 29205 37
29189 29197 190
29207 29253 179
29218 29261 270
29219 29234 207
29230 29236 11
29255 29264 221
29264 29294 110
29287 29319 265
29299 29304 287
29306 29354 295
29307 29311 73
29309 29339 267
29338 29380 250
29362 29373 9
29378 29411 180
29407 29427 147
29421 29467 260
29436 29477 293
29439 29440 88
29464 29495 272
29475 29480 154
29479 29487 261
29496 29505 116
29516 29538 4
29541 29559 117
29547 29556 216
29576 29591 63
29580 29608 92
29592 29627 206
29611 29658 104
29628 29641 235
29642 29686 294
29643 29670 36
29664 29706 300
29678 29707 250
29690 29693 199
29706 29717 14
29719 29765 126
29748 29786 195
29757 29775 204
29757 29793 218
29776 29783 133
29803 29810 241
29809 29836 42
29815 29833 23
29836 29878 18
29840 29859 82
29849 29860 246
29852 29867 124
29853 29877 265
29874 29889 160
29874 29922 258
29897 29939 62
29909 29926 123
29929 29970 110
29947 29975 88
29967 29991 98
29967 29995 133
29981 29993 206
29985 30023 235
29998 30003 55
30011 30034 198
30011 30014 88
30028 30045 260
30035 30085 287
30058 30103 105
30058 30085 9
30081 30106 167
30086 30091 92
30094 30127 250
30109 30132 88
30113 30149 152
30121 30136 245
30129 30131 2
30130 30131 27
30140 30157 291
30165 30193 89
30167 30203 170
30187 30210 49
30196 30203 104
30217 30228 285
30223 30228 13
30239 30261 105
30255 30303 201
30283 30328 76
30285 30310 55
30315 30317 130
30315 30322 274
30320 30352 234
30332 30347 164
30344 30350 75
30350 30388 38
30355 30374 278
30365 30379 292
30387 30430 219
30392 30394 284
30397 30400 283
30414 30451 200
30431 30432 227
30459 30496 160
30479 30513 22
30499 30536 51
30529 30565 184
30555 30586 225
30565 30603 290
30572 30595 12
30579 30599 298
30587 30632 116
30606 30631 11
30610 30613 298
30634 30679 132
30656 30677 298
30671 30672 191
30676 30677 102
30684 30693 98
30707 30719 152
30724 30750 205
30734 30784 73
30747 30778 27
30756 30780 150
30775 30798 246
30798 30814 299
30809 30832 171
30839 30872 123
30867 30913 87
30879 30907 1
30909 30931 46
30918 30950 136
30940 30988 14
30952 30961 250
30957 30985 197
30987 31014 238
30999 31039 293
31019 31027 1
31030 31075 290
31047 31076 178
31048 31082 118
31068 31114 142
31076 31102 248
31101 31111 270
31109 31152 164
31138 31157 10
31148 31191 169
31157 31170 141
31178 31212 187
31186 31232 239
31208 31222 287
31209 31239 239
31222 31241 272
31246 31272 62
31257 31258 107
31284 31288 235
31292 31330 22
31314 31345 277
31315 31330 13
31331 31353 203
31349 31379 198
31351 31387 216
31368 31380 193
31381 31424 125
31398 31440 208
31406 31423 288
31417 31460 207
31433 31454 268
31451 31497 276
31462 31494 225
31470 31492 259
31473 31488 199
31475 31506 156
31475 31477 278
31475 31520 141
31481 31525 252
31511 31538 33
31536 31559 130
31548 31588 290
31573 31584 78
31584 31588 165
31610 31659 116
31629 31634 274
31634 31644 133
31649 31686 186
31650 31661 21
31670 31714 270
31686 31735 81
31710 31735 166
31728 31736 167
31758 31805 259
31770 31790 145
31798 31842 179
31824 31846 270
31838 31870 25
31856 31867 20
31885 31925 21
31915 31935 54
31942 31986 34
31958 31976 175
31959 31997 16
31985 32024 298
32009 32013 40
32018 32025 32
32043 32067 185
32068 32100 169
32073 32101 154
32085 32103 228
32100 32133 203
32110 32150 59
32136 32174 110
32150 32192 135
32175 32184 191
32188 32224 186
32195 32238 195
32203 32217 36
32212 32235 47
32234 32270 39
32236 32276 222
32252 32292 18
32260 32267 272
32285 32335 183
32299 32344 48
32306 32307 104
32315 32347 121
32318 32333 35
32320 32325 111
32350 32356 9
32376 32416 52
32382 32386 21
32406 32422 32
32419 32433 16
32426 32469 75
32429 32440 256
32456 32485 72
32469 32508 31
32483 32509 148
32489 32500 117
32497 32512 217
32504 32526 94
32504 32548 285
32532 32569 145
32553 32565 243
32558 32569 149
32578 32618 282
32583 32611 275
32591 32627 287
32612 32656 76
32628 32660 161
32635 32664 124
32663 32675 165
32693 32740 95
32705 32727 294
32728 32729 272
32757 32774 22
32772 32808 132
32774 32799 245
32787 32827 158
32801 32824 273
32810 32835 213
32812 32846 211
32814 32839 117
32820 32846 20
32843 32856 173
32860 32867 271
32888 32906 199
32888 32918 153
32900 32932 186
32905 32952 197
32920 32926 64
32936 32968 163
32939 32953 290
32962 32983 285
32991 33019 171
33017 33054 199
33026 33070 40
33045 33092 140
33066 33099 213
33089 33099 249
33091 33097 293
33110 33141 299
33122 33157 53
33133 33151 234
33140 33142 39
33158 33206 145
33178 33194 139
33200 33241 251
33205 33215 72
33223 33240 218
33229 33256 202
33251 33285 275
33253 33276 203
33266 33296 223
33279 33282 205
33287 33308 259
33304 33316 263
33317 33345 293
33331 33366 214
33361 33369 140
33365 33410 138
33365 33398 60
33368 33398 148
33395 33442 1
33423 33473 298
33439 33452 177
33439 33486 191
33452 33499 221
33464 33479 193
33493 33497 3
33496 33499 55
33513 33523 133
33543 33572 13
33545 33574 110
33549 33572 268
33575 33576 126
33597 33629 129
33608 33640 134
33628 33634 23
33645 33694 267
33661 33684 252
33679 33716 92
33686 33713 257
33711 33716 74
33720 33738 66
33724 33745 41
33749 33782 84
33766 33793 141
33782 33825 143
33791 33837 238
33802 33819 242
33814 33832 120
33824 33844 274
33843 33869 58
33846 33890 145
33860 33874 58
33863 33911 133
33865 33908 218
33891 33935 70
33907 33950 53
33937 33945 129
33941 33970 74
33945 33991 25
33951 33999 118
33978 33996 13
34001 34028 197
34003 34023 182
34016 34052 193
34022 34028 25
34035 34065 63
34054 34076 205
34054 34067 77
34079 34086 229
34102 34134 228
34132 34144 197
34158 34159 71
34171 34198 137
34171 34207 104
34196 34214 283
34200 34203 48
34202 34225 116
34214 34241 187
34222 34258 210
34241 34252 197
34269 34274 245
34290 34336 275
34291 34327 85
34300 34346 161
34302 34341 111
34323 34325 267
34327 34335 190
34349 34396 192
34371 34385 271
34390 34400 208
34407 34411 85
34416 34439 59
34420 34441 254
34436 34484 54
34443 34464 69
34443 34459 147
34469 34478 201
34484 34518 275
34510 34559 32
34526 34576 199
34546 34566 218
34556 34583 282
34566 34579 143
34577 34579 153
34602 34648 98
34612 34651 72
34635 34674 159
34651 34673 80
34669 34675 244
34682 34693 273
34682 34710 283
34682 34716 157
34689 34705 40
34717 34737 43
34740 34772 116
34747 34778 224
34775 34814 245
34777 34809 97
34794 34819 282
34809 34836 129
34832 34870 207
34843 34872 299
34843 34892 167
34871 34882 297
34883 34927 144
34909 34923 6
34937 34981 145
34937 34962 69
34951 34985 138
34980 35010 212
35005 35043 57
35014 35031 191
35015 35039 195
35017 35034 39
35027 35075 85
35029 35040 201
35033 35077 295
35063 35088 47
35083 35100 201
35086 35123 183
35093 35095 260
35108 35154 244
35133 35139 123
35157 35175 104
35162 35205 6
35176 35194 183
35190 35233 292
35205 35216 188
35233 35236 254
35250 35274 73
35252 35272 61
35282 35311 73
35305 35306 133
35332 35350 261
35337 35342 148
35351 35371 122
35370 35418 252
35398 35413 68
35419 35469 288
35441 35447 194
35471 35473 225
35498 35522 121
35525 35534 22
35536 35556 124
35557 35593 164
35570 35577 109
35592 35627 13
35599 35629 29
35615 35650 80
35616 35660 243
35628 35633 162
35646 35673 280
35657 35680 139
35670 35698 88
35680 35703 213
35686 35715 57
35696 35735 63
35703 35728 27
35720 35767 204
35729 35752 116
35751 35779 239
35770 35807 108
35793 35830 272
35816 35847 276
35826 35829 93
35831 35880 132
35845 35867 262
35858 35861 256
35861 35878 168
35878 35906 28
35884 35925 64
35909 35956 217
35916 35939 8
35926 35947 169
35951 35970 195
35973 35995 102
35985 36021 120
36002 36037 179
36032 36056 48
36039 36056 222
36042 36091 278
36061 36065 214
36065 36115 261
36072 36081 250
36086 36118 17
36106 36147 236
36107 36128 293
36111 36136 129
36126 36176 144
36128 36162 103
36139 36175 215
36166 36167 225
36168 36216 112
36178 36203 84
36207 36217 51
36219 36223 142
36237 36285 193
36246 36271 215
36272 36285 163
36302 36303 199
36308 36348 236
36327 36356 115
36330 36379 191
36334 36383 19
36364 36382 276
36382 36407 233
36383 36406 11
36411 36451 72
36417 36461 160
36444 36493 62
36463 36505 171
36475 36521 105
36500 36545 118
36523 36567 178
36544 36559 158
36569 36597 228
36596 36642 5
36621 36631 212
36638 36642 201
36651 36690 180
36666 36680 60
36674 36710 203
36675 36722 63
36684 36701 113
36698 36730 31
36707 36753 179
36734 36781 276
36764 36774 22
36781 36825 270
36796 36836 39
36819 36850 131
36823 36834 172
36825 36841 219
36841 36890 287
36852 36885 269
36879 36917 197
36886 36930 265
36913 36924 159
36942 36959 266
36963 36968 2
36989 36999 136
36999 37024 231
37029 37060 75
37029 37058 59
37031 37053 36
37040 37056 45
37050 37092 70
37068 37082 101
37074 37122 1
37094 37108 28
37110 37134 176
37136 37184 25
37151 37164 220
37164 37204 12
37191 37235 33
37197 37247 195
37206 37252 210
37218 37233 264
37240 37242 273
37267 37290 197
37278 37302 271
37299 37349 296
37302 37323 226
37307 37320 281
37327 37377 201
37355 37400 247
37384 37391 207
37402 37428 129
37416 37464 254
37433 37466 290
37440 37470 100
37449 37485 28
37460 37510 63
37490 37503 49
37501 37508 92
37527 37534 11
37544 37582 147
37562 37583 51
37576 37611 150
37580 37622 163
37583 37609 22
37583 37624 116
37609 37649 291
37618 37621 35
37633 37663 244
37643 37676 26
37655 37657 126
37680 37727 215
37695 37703 118
37714 37757 129
37737 37771 111
37762 37774 78
37781 37787 166
37805 37849 226
37810 37841 288
37833 37865 230
37862 37909 71
37879 37902 200
37906 37914 53
37910 37934 100
37921 37936 272
37943 37961 90
37968 37984 139
37985 38024 180
38007 38022 70
38022 38064 244
38030 38075 126
38045 38092 175
38063 38088 279
38084 38117 272
38101 38135 290
38119 38127 8
38127 38168 176
38151 38185 19
38155 38183 126
38170 38185 141
38191 38214 211
38215 38263 193
38231 38265 22
38252 38253 207
38276 38312 144
38290 38321 90
38308 38331 128
38324 38340 21
38334 38343 283
38341 38344 17
38355 38398 9
38365 38395 239
38378 38411 282
38403 38415 117
38418 38421 235
38445 38481 82
38467 38474 180
38491 38536 44
38496 38536 76
38507 38539 206
38529 38563 254
38559 38581 170
38568 38590 228
38571 38573 145
38597 38616 42
38598 38615 68
38602 38638 74
38602 38633 154
38615 38653 262
38641 38686 133
38664 38679 93
38672 38694 32
38686 38715 294
38693 38701 86
38714 38738 227
38741 38766 272
38759 38807 124
38769 38795 72
38780 38824 89
38802 38843 8
38805 38844 30
38825 38867 270
38836 38846 171
38854 38872 10
38877 38917 269
38899 38928 198
38915 38917 153
38935 38965 75
38944 38978 261
38966 38998 277
38994 39019 235
39014 39050 154
39014 39048 94
39033 39043 160
39034 39076 194
39051 39101 300
39075 39080 3
39098 39125 157
39123 39170 76
39144 39161 143
39151 39189 214
39161 39201 174
39191 39218 296
39196 39197 262
39203 39213 137
39207 39213 178
39227 39270 250
39230 39236 173
39241 39265 265
39269 39284 171
39272 39301 139
39287 39314 5
39309 39347 156
39336 39357 53
39353 39358 232
39374 39412 287
39383 39428 41
39399 39431 246
39402 39412 18
39413 39456 249
39418 39462 155
39442 39469 201
39460 39485 116
39461 39474 183
39482 39522 100
39502 39527 26
39516 39531 104
39532 39570 81
39538 39539 79
39552 39599 22
39558 39582 160
39563 39601 218
39572 39595 196
39576 39594 84
39583 39632 206
39605 39635 172
39626 39649 5
39653 39656 285
39678 39692 92
39696 39709 200
39719 39734 79
39721 39751 239
39721 39753 234
39745 39785 2
39764 39785 84
39767 39769 76
39792 39793 48
39795 39839 30
39817 39827 50
39830 39860 130
39834 39869 142
39855 39876 144
39862 39889 195
39882 39913 298
39907 39929 126
39917 39918 250
39942 39947 146
39949 39967 296
39966 39972 242
39969 39993 248
39995 40011 46
40004 40035 172
40024 40042 196
40039 40089 11
40047 40092 217
40048 40051 54
40065 40113 207
40087 40132 36
40104 40129 172
40134 40162 55
40145 40152 276
40169 40186 26
40188 40196 229
40198 40210 168
40211 40239 212
40221 40228 132
40221 40246 35
40247 40256 50
40277 40298 3
40291 40340 193
40295 40296 24
40299 40337 108
40313 40331 239
40340 40386 260
40360 40376 23
40372 40402 169
40390 40403 139
40402 40448 287
40425 40454 239
40435 40474 78
40441 40481 171
40460 40472 256
40468 40484 124
40486 40530 73
40504 40521 91
40532 40562 219
40555 40576 27
40578 40588 65
40586 40615 110
40590 40591 176
40598 40599 247
40614 40662 110
40635 40677 106
40641 40663 257
40663 40712 63
40685 40721 117
40706 40732 221
40726 40776 127
40749 40759 93
40761 40803 45
40772 40773 230
40789 40820 21
40802 40806 81
40818 40854 270
40847 40890 44
40855 40897 45
40857 40886 201
40863 40877 225
40885 40906 243
40913 40943 269
40941 40952 77
40958 40966 56
40979 41024 52
40986 41011 91
41011 41032 180
41017 41059 108
41040 41081 42
41047 41062 24
41055 41075 5
41083 41127 171
41105 41118 130
41135 41156 120
41149 41165 187
41171 41219 128
41173 41223 141
41196 41218 152
41220 41237 108
41248 41255 99
41268 41294 128
41268 41305 189
41295 41326 102
41302 41311 127
41308 41354 250
41314 41342 190
41344 41363 71
41369 41396 140
41385 41412 141
41399 41421 208
41409 41412 166
41437 41482 9
41458 41468 195
41474 41480 217
41501 41541 32
41508 41556 178
41534 41537 88
41543 41562 6
41550 41571 32
41567 41606 296
41592 41640 29
41615 41662 151
41621 41635 99
41628 41669 10
41646 41655 15
41668 41696 297
41688 41699 36
41708 41754 90
41712 41727 207
41713 41741 228
41728 41769 137
41749 41765 142
41778 41812 190
41804 41837 90
41815 41851 38
41842 41854 234
41855 41896 154
41882 41884 268
41899 41949 239
41925 41967 89
41942 41957 56
41966 42006 195
41967 42011 11
41972 41986 234
41985 42013 33
42003 42013 55
42022 42069 254
42037 42084 271
42061 42087 113
42071 42108 269
42084 42131 96
42106 42142 227
42113 42154 88
42119 42160 213
42127 42154 124
42129 42140 249
42142 42176 1
42159 42184 41
42176 42206 203
42192 42206 1
42214 42227 258
42214 42248 114
42228 42278 283
42241 42280 180
42245 42277 210
42266 42290 175
42277 42316 130
42294 42306 208
42294 42343 99
42317 42351 205
42327 42343 167
42343 42385 88
42352 42386 223
42370 42394 174
42399 42405 170
42409 42428 263
42421 42445 151
42433 42480 100
42459 42472 202
42472 42477 163
42502 42527 18
42519 42521 201
42547 42557 246
42559 42562 162
42562 42597 20
42574 42605 257
42596 42623 153
42619 42645 211
42620 42621 240
42645 42681 270
42671 42716 236
42694 42703 97
42702 42743 256
42705 42723 195
42705 42740 64
42715 42759 91
42717 42733 76
42727 42760 247
42738 42788 264
42766 42799 76
42791 42831 57
42812 42835 260
42836 42857 166
42863 42868 133
42879 42899 194
42882 42927 34
42897 42912 105
42916 42957 131
42929 42962 24
42955 42962 14
42966 42980 300
42995 43035 299
43015 43016 265
43017 43035 18
43028 43074 236
43037 43049 130
43044 43055 283
43064 43079 1
43089 43116 237
43119 43134 96
43146 43172 146
43161 43193 216
43169 43178 70
43194 43209 94
43215 43237 78
43244 43290 203
43255 43297 266
43263 43281 208
43291 43339 43
43303 43353 192
43310 43317 64
43337 43384 287
43363 43385 118
43377 43423 66
43389 43395 300
43393 43400 47
43409 43423 85
43438 43481 111
43460 43482 265
43467 43470 220
43488 43489 187
43490 43515 40
43497 43515 60
43503 43525 51
43517 43525 261
43547 43555 147
43566 43578 189
43585 43619 285
43605 43620 51
43627 43655 145
43632 43635 285
43655 43695 92
43655 43679 73
43672 43707 220
43676 43691 26
43697 43729 162
43714 43760 6
43715 43763 105
43732 43742 78
43741 43782 204
43745 43767 22
43774 43822 221
43787 43827 58
43789 43824 34
43792 43796 52
43804 43829 94
43812 43854 203
43814 43827 228
43833 43881 265
43863 43891 258
43880 43911 109
43897 43935 241
43897 43927 14
43921 43945 12
43946 43958 84
43946 43992 102
43974 44020 173
44004 44007 99
44032 44045 226
44060 44099 144
44088 44121 20
44106 44150 202
44123 44127 168
44152 44154 54
44152 44171 57
44168 44205 26
44181 44216 178
44191 44218 138
44204 44252 192
44221 44264 200
44248 44283 180
44250 44286 34
44269 44296 49
44279 44300 283
44294 44314 138
44307 44331 25
44333 44376 174
44341 44388 227
44368 44376 92
44396 44404 124
44398 44430 115
44411 44444 44
44433 44456 277
44445 44456 175
44474 44516 23
44504 44539 50
44516 44545 243
44536 44580 150
44536 44577 295
44549 44575 16
44575 44578 157
44597 44615 253
44609 44631 192
44610 44635 2
44637 44646 143
44648 44683 249
44652 44692 220
44656 44705 51
44661 44697 97
44678 44696 8
44691 44715 261
44716 44726 270
44727 44749 222
44735 44769 214
44765 44778 4
44769 44812 113
44769 44799 8
44773 44775 297
44778 44781 189
44782 44810 85
44807 44852 254
44826 44854 61
44848 44890 288
44876 44888 152
44895 44896 56
44921 44966 37
44949 44958 214
44974 44980 80
44982 44999 147
44987 44993 274
45017 45018 98
45017 45050 243
45024 45034 279
45041 45070 269
45047 45075 86
45047 45072 40
45060 45094 165
45069 45099 22
45084 45102 182
45085 45115 210
45092 45136 53
45111 45156 68
45121 45153 58
45144 45157 191
45148 45186 205
45177 45196 134
45182 45188 216
45208 45223 208
45223 45253 5
45238 45263 67
45257 45302 188
45277 45291 141
45281 45302 126
45309 45358 254
45322 45362 261
45331 45365 133
45353 45398 41
45364 45411 223
45364 45377 180
45390 45422 199
45405 45426 50
45423 45425 115
45426 45458 86
45438 45467 52
45449 45461 133
45449 45468 262
45458 45470 101
45487 45517 58
45504 45539 172
45511 45548 222
45520 45528 94
45535 45584 275
45554 45565 4
45578 45583 59
45595 45609 205
45596 45639 18
45625 45641 17
45635 45676 53
45644 45693 213
45661 45677 70
45668 45687 218
45681 45693 172
45711 45715 104
45739 45755 50
45762 45770 57
45768 45788 95
45777 45811 119
45794 45832 285
45796 45801 136
45800 45806 289
45806 45844 199
45832 45855 55
45846 45849 56
45869 45891 65
45895 45934 107
45898 45914 290
45900 45947 291
45907 45948 4
45931 45934 232
45956 45988 274
45978 46026 199
45991 46010 149
45992 46033 15
45995 46011 45
46009 46032 264
46013 46048 54
46037 46065 77
46037 46066 43
46061 46066 40
46062 46079 77
46073 46081 110
46103 46152 99
46112 46116 263
46122 46134 162
46135 46141 168
46156 46177 290
46181 46186 222
46189 46204 5
46190 46233 189
46206 46218 45
46233 46271 141
46259 46264 226
46265 46297 284
46266 46271 263
46272 46278 240
46302 46311 38
46325 46333 207
46333 46363 2
46347 46378 135
46358 46396 141
46385 46423 140
46405 46421 158
46416 46446 6
46420 46441 284
46437 46453 199
46466 46469 286
46483 46529 75
46485 46504 33
46497 46538 23
46514 46561 273
46527 46577 277
46539 46566 57
46560 46586 14
46576 46600 92
46596 46610 80
46611 46629 248
46614 46630 281
46624 46670 106
46650 46671 239
46673 46686 91
46679 46721 134
46683 46710 251
46684 46728 233
46694 46727 61
46721 46756 54
46748 46753 281
46772 46805 264
46772 46791 67
46799 46839 160
46817 46830 7
46830 46873 40
46844 46892 31
46860 46907 55
46882 46918 26
46895 46934 41
46907 46947 247
46920 46924 143
46932 46955 75
46952 46991 300
46955 46974 237
46966 47016 102
46994 47030 162
47011 47016 17
47011 47045 41
47011 47016 54
47040 47064 271
47062 47075 285
47066 47115 198
47072 47095 59
47077 47102 93
47104 47130 70
47127 47150 169
47139 47174 240
47145 47178 7
47148 47166 205
47150 47165 233
47157 47185 92
47159 47195 157
47182 47189 27
47190 47222 296
47207 47227 260
47212 47221 139
47212 47257 224
47231 47254 60
47241 47252 192
47270 47276 178
47283 47314 81
47294 47344 71
47323 47325 81
47349 47398 121
47375 47391 40
47379 47393 15
47398 47430 107
47404 47414 232
47433 47457 256
47455 47501 74
47455 47477 54
47468 47490 28
47473 47516 227
47502 47546 274
47521 47557 87
47538 47584 39
47564 47595 293
47568 47577 210
47588 47612 299
47617 47657 132
47617 47634 148
47646 47655 97
47649 47676 236
47665 47704 207
47695 47739 241
47714 47739 177
47726 47773 248
47737 47772 175
47764 47781 91
47792 47831 115
47805 47843 219
47834 47882 153
47840 47864 199
47852 47861 271
47865 47878 75
47874 47923 160
47882 47928 106
47902 47919 160
47906 47930 280
47925 47935 150
47940 47970 63
47941 47985 251
47963 47980 155
47974 47995 253
47980 48006 116
48003 48044 4
48012 48018 210
48036 48051 251
48039 48060 101
48066 48110 258
48077 48095 229
48080 48109 235
48097 48112 58
48123 48171 188
48125 48159 253
48153 48186 210
48175 48180 221
48181 48201 280
48186 48232 161
48202 48212 184
48230 48257 103
48258 48264 8
48270 48286 227
48278 48317 259
48282 48322 69
48294 48309 57
48306 48349 97
48328 48336 255
48344 48356 247
48371 48414 216
48389 48429 104
48408 48431 272
48438 48439 212
48439 48455 116
48467 48506 118
48477 48484 165
48496 48530 177
48516 48551 4
48531 48576 48
48558 48580 255
48576 48610 298
48585 48619 25
48599 48648 212
48607 48649 168
48637 48658 38
48646 48682 254
48657 48683 17
48678 48691 51
48680 48707 43
48707 48716 240
48715 48725 178
48735 48742 300
48756 48802 156
48782 48796 179
48794 48840 147
48809 48833 15
48819 48850 265
48829 48855 149
48844 48860 200
48849 48889 8
48868 48894 172
48896 48921 184
48903 48950 266
48917 48963 258
48935 48941 37
48965 48980 143
48976 49005 267
48992 48997 290
49002 49039 282
49029 49040 285
49037 49051 292
49044 49066 108
49061 49075 41
49063 49105 95
49081 49113 110
49107 49151 7
49115 49156 297
49140 49150 64
49168 49196 224
49186 49187 182
49186 49208 232
49203 49239 267
49205 49247 253
49207 49217 130
49217 49228 81
49244 49284 141
49249 49250 287
49275 49316 193
49304 49316 118
49316 49330 188
49333 49353 191
49356 49403 130
49359 49401 184
49384 49424 10
49394 49432 267
49423 49451 266
49430 49463 47
49441 49466 94
49454 49485 98
49459 49502 74
49467 49511 208
49485 49531 84
49492 49493 72
49506 49536 26
49519 49545 295
49523 49557 13
49523 49544 92
49542 49564 229
49563 49578 71
49589 49630 277
49607 49611 55
49624 49633 129
49634 49683 183
49642 49685 186
49657 49671 162
49677 49692 162
49701 49740 160
49710 49757 105
49713 49733 140
49721 49754 74
49734 49779 232
49748 49769 46
49757 49799 9
49784 49825 13
49790 49827 179
49806 49847 68
49806 49847 5
49826 49837 95
49838 49881 115
49860 49889 22
49889 49924 287
49902 49944 235
49914 49944 47
49938 49953 191
49940 49963 78
49945 49977 214
49970 49991 5
49978 49994 34
50005 50013 297
50005 50016 38
50028 50055 109
50044 50063 26
50066 50107 131
50078 50091 57
50092 50120 298
50113 50152 65
50140 50148 69
50169 50202 21
50199 50215 268
50205 50249 222
50207 50255 13
50225 50256 106
50254 50278 64
50272 50304 111
50277 50286 136
50285 50325 286
50292 50303 296
50315 50329 229
50336 50338 113
50351 50355 141
50370 50396 258
50377 50416 102
50385 50388 210
50385 50410 230
50409 50431 241
50424 50449 79
50449 50454 73
50475 50514 74
50501 50506 50
50526 50574 164
50532 50574 170
50533 50562 162
50533 50536 154
50540 50590 239
50545 50588 230
50556 50557 109
50579 50621 90
50584 50595 55
50585 50626 28
50595 50612 233
50614 50634 144
50628 50659 252
50636 50655 32
50666 50712 193
50672 50707 45
50696 50698 26
50700 50703 172
50708 50743 266
50728 50739 115
50732 50733 118
50759 50801 200
50770 50801 296
50798 50840 157
50801 50802 114
50809 50844 155
50817 50822 50
50831 50836 182
50831 50860 212
50836 50847 99
50841 50866 9
50867 50887 210
50895 50923 187
50916 50944 17
50923 50928 265
50931 50934 203
50951 50992 218
50976 50979 198
50992 51010 150
51012 51054 120
51036 51049 183
51064 51070 10
51092 51093 196
51122 51149 239
51146 51180 259
51174 51186 297
51192 51198 14
51212 51215 180
51221 51250 136
51250 51277 31
51269 51291 8
51293 51306 24
51301 51330 166
51330 51352 210
51354 51379 138
51376 51380 209
51394 51429 131
51412 51431 106
51415 51437 216
51438 51472 215
51467 51497 30
51477 51516 98
51498 51508 48
51509 51538 153
51519 51524 9
51519 51548 251
51525 51568 228
51543 51575 201
51555 51564 240
51577 51622 135
51577 51623 177
51587 51600 168
51605 51608 3
51616 51659 39
51619 51648 43
51638 51657 283
51639 51686 282
51648 51680 69
51665 51669 52
51678 51696 262
51679 51724 86
51693 51706 92
51709 51741 298
51718 51748 131
51735 51765 25
51737 51781 197
51767 51793 167
51779 51780 69
51795 51797 139
51824 51829 15
51836 51844 134
51845 51867 277
51847 51871 38
51866 51869 95
51880 51887 214
51889 51897 150
51891 51935 216
51909 51928 174
51925 51939 227
51947 51961 8
51947 51990 131
51974 51979 275
51974 51984 294
51991 52029 16
52012 52032 253
52022 52045 187
52036 52053 216
52046 52076 200
52054 52090 295
52074 52078 289
52075 52112 186
52075 52097 206
52094 52111 121
52097 52110 74
52121 52128 203
52147 52162 93
52177 52186 66
52189 52226 59
52212 52253 268
52240 52289 287
52247 52267 239
52252 52291 180
52281 52289 24
52291 52335 251
52295 52312 279
52306 52329 266
52307 52330 249
52328 52362 173
52334 52368 143
52354 52390 217
52370 52387 17
52375 52391 5
52384 52416 245
52394 52407 36
52407 52412 10
52408 52438 74
52438 52442 250
52467 52510 9
52477 52487 118
52498 52544 272
52501 52516 230
52511 52544 72
52527 52560 48
52536 52574 2
52537 52567 55
52556 52565 250
52557 52562 186
52571 52586 276
52588 52625 16
52589 52634 168
52599 52638 300
52611 52653 215
52624 52642 11
52633 52668 124
52638 52640 295
52655 52693 96
52673 52705 116
52676 52720 87
52690 52713 166
52702 52745 35
52727 52736 162
52743 52768 96
52768 52780 70
52796 52804 188
52821 52826 296
52838 52876 165
52863 52866 241
52893 52932 128
52898 52905 298
52907 52952 132
52912 52920 179
52941 52974 36
52957 52979 169
52959 52978 90
52972 52991 246
52979 53010 20
52981 53031 149
52996 53041 15
53012 53045 15
53022 53060 199
53047 53075 181
53057 53061 288
53063 53107 261
53068 53092 269
53080 53085 107
53097 53137 134
53104 53111 85
53106 53109 66
53134 53147 240
53144 53152 135
53172 53208 154
53178 53207 87
53195 53238 204
53209 53222 236
53215 53216 14
53234 53275 251
53261 53262 61
53278 53305 162
53307 53318 14
53326 53340 48
53326 53351 8
53334 53379 109
53352 53362 212
53377 53420 275
53403 53420 168
53431 53461 52
53442 53460 275
53453 53503 77
53461 53492 247
53476 53511 19
53495 53503 113
53510 53519 40
53514 53532 188
53515 53550 226
53521 53524 194
53542 53587 228
53545 53583 289
53546 53572 28
53558 53605 169
53572 53584 151
53591 53598 1
53600 53637 130
53616 53635 281
53643 53689 272
53652 53680 203
53678 53703 95
53708 53727 58
53736 53768 120
53745 53765 118
53768 53809 243
53772 53777 65
53800 53841 47
53815 53863 23
53825 53836 123
53828 53854 91
53851 53853 61
53880 53919 238
53895 53914 257
53920 53970 18
53926 53951 91
53939 53968 40
53961 53966 113
53977 54007 53
54006 54024 2
54009 54013 13
54030 54036 190
54042 54044 218
54054 54097 244
54067 54077 68
54077 54095 140
54090 54128 174
54118 54125 170
54120 54126 78
54129 54159 116
54153 54165 176
54170 54183 154
54183 54230 288
54189 54232 220
54204 54247 117
54226 54229 209
54247 54257 158
54259 54276 104
54274 54309 59
54298 54344 21
54317 54367 266
54335 54354 159
54348 54356 105
54371 54399 118
54392 54428 160
54408 54428 154
54435 54452 158
54437 54441 21
54467 54492 114
54480 54522 9
54486 54519 266
54509 54534 226
54538 54563 61
54544 54555 262
54567 54613 278
54573 54595 119
54577 54616 111
54582 54632 134
54605 54645 173
54633 54669 201
54649 54679 169
54665 54715 159
54666 54690 179
54688 54733 70
54696 54709 137
54717 54751 217
54746 54782 204
54749 54771 201
54755 54763 38
54770 54816 266
54795 54833 289
54816 54865 2
54836 54879 80
54836 54863 294
54860 54863 238
54861 54883 271
54887 54891 77
54902 54941 61
54909 54942 291
54913 54932 1
54921 54947 220
54948 54987 150
54977 54984 28
54987 55026 43
55012 55059 221
55022 55029 196
55028 55032 139
55041 55045 209
55050 55091 128
55063 55065 296
55092 55109 160
55115 55130 205
55126 55162 31
55128 55147 68
55151 55199 148
55181 55184 176
55203 55218 214
55208 55240 77
55222 55272 252
55239 55270 2
55256 55271 171
55279 55287 46
55301 55340 81
55318 55333 287
55339 55350 66
55343 55393 281
55365 55375 268
55374 55406 288
55379 55413 107
55394 55417 75
55416 55456 197
55419 55469 169
55441 55446 106
55450 55473 221
55475 55486 226
55484 55517 25
55490 55536 16
55507 55550 278
55522 55540 51
55537 55586 97
55559 55595 24
55568 55575 145
55585 55600 28
55590 55607 3
55596 55608 204
55613 55621 298
55641 55675 205
55655 55702 277
55670 55714 103
55699 55725 68
55716 55727 63
55737 55778 193
55764 55771 77
55768 55776 278
55771 55787 52
55779 55790 270
55806 55828 233
55835 55838 18
55840 55866 131
55844 55876 27
55854 55885 108
55858 55873 239
55871 55892 141
55896 55926 293
55924 55971 117
55942 55975 80
55963 55994 49
55990 56018 121
56005 56037 203
56007 56027 81
56013 56035 39
56025 56047 9
56026 56067 190
56032 56049 65
56051 56077 46
56067 56071 157
56083 56093 221
56088 56109 116
56099 56107 268
56108 56143 265
56133 56156 262
56154 56157 185
56170 56189 57
56180 56209 126
56183 56202 245
56208 56228 266
56222 56231 108
56228 56259 275
56231 56243 118
56247 56281 180
56259 56305 20
56270 56292 188
56288 56326 292
56315 56335 151
56340 56359 249
56349 56369 277
56356 56358 72
56363 56387 189
56364 56402 236
56391 56410 69
56402 56451 240
56412 56436 149
56421 56438 156
56428 56448 271
56433 56470 146
56442 56481 233
56442 56492 52
56464 56498 101
56467 56512 205
56475 56518 110
56477 56509 209
56484 56525 80
56487 56528 147
56514 56529 89
56533 56562 220
56558 56576 152
56583 56628 121
56612 56657 219
56613 56648 23
56635 56656 132
56652 56690 262
56658 56700 201
56681 56684 259
56681 56687 179
56695 56699 105
56698 56741 194
56711 56738 200
56725 56748 208
56748 56793 96
56776 56805 81
56785 56820 200
56788 56821 280
56792 56795 126
56813 56862 90
56826 56866 238
56855 56857 189
56866 56908 77
56890 56903 52
56900 56912 276
56908 56953 240
56932 56940 47
56932 56971 203
56936 56939 232
56963 57009 62
56980 57005 182
56998 57006 120
57027 57050 51
57044 57084 127
57055 57064 8
57056 57093 155
57064 57068 52
57092 57117 45
57096 57129 57
57110 57155 248
57129 57174 281
57151 57173 250
57166 57195 114
57183 57211 158
57199 57244 190
57207 57215 26
57225 57268 129
57226 57269 289
57254 57280 84
57278 57324 173
57304 57348 162
57317 57336 92
57322 57345 46
57331 57350 205
57346 57374 266
57370 57397 257
57388 57412 298
57390 57430 54
57400 57446 12
57410 57450 281
57420 57438 294
57430 57431 157
57446 57495 221
57456 57466 272
57486 57531 104
57506 57521 212
57524 57553 75
57530 57544 184
57535 57555 175
57535 57570 262
57551 57553 46
57575 57616 284
57589 57611 137
57591 57614 87
57594 57610 207
57624 57656 216
57629 57649 64
57654 57691 288
57657 57683 208
57670 57674 84
57689 57692 65
57710 57735 15
57715 57756 185
57736 57759 268
57763 57775 281
57786 57836 54
57789 57812 207
57807 57837 131
57833 57852 296
57834 57869 10
57845 57856 200
57875 57890 93
57886 57923 51
57907 57911 24
57914 57953 135
57940 57946 12
57961 57968 220
57975 57977 8
58003 58023 75
58019 58059 15
58019 58025 203
58039 58089 150
58056 58091 230
58080 58093 53
58090 58120 299
58107 58154 81
58112 58154 90
58123 58138 126
58146 58150 260
58159 58202 188
58174 58219 275
58187 58223 142
58192 58223 122
58203 58226 271
58233 58271 121
58243 58246 184
58257 58282 64
58257 58275 192
58273 58313 64
58279 58290 140
58295 58328 1
58313 58361 33
58324 58352 217
58342 58366 185
58362 58409 145
58363 58395 109
58382 58431 31
58404 58407 184
58423 58449 267
58450 58464 41
58473 58500 218
58484 58500 53
58493 58494 296
58513 58550 186
58515 58525 245
58543 58559 272
58562 58566 84
58569 58585 35
58575 58592 171
58581 58624 40
58602 58616 175
58630 58634 126
58649 58652 19
58660 58710 28
58669 58701 29
58692 58742 125
58698 58706 119
58713 58759 121
58714 58757 61
58723 58770 255
58737 58768 29
58749 58786 291
58765 58791 125
58774 58778 103
58778 58825 152
58793 58796 231
58820 58869 91
58847 58870 102
58858 58895 264
58886 58894 98
58916 58940 207
58945 58983 205
58964 58984 155
58975 58988 127
58984 58995 227
58987 59023 121
59016 59039 97
59031 59032 87
59054 59070 279
59074 59098 43
59093 59103 190
59104 59153 96
59127 59130 106
59131 59175 77
59139 59163 56
59149 59181 42
59166 59178 268
59174 59194 284
59202 59215 14
59221 59231 160
59232 59257 157
59232 59253 126
59239 59270 119
59262 59271 54
59277 59301 138
59306 59314 129
59310 59346 201
59335 59345 187
59362 59377 175
59392 59413 88
59413 59461 152
59420 59427 68
59434 59482 274
59460 59480 299
59475 59513 101
59479 59523 129
59483 59494 222
59492 59536 91
59503 59515 21
59503 59544 213
59523 59563 110
59544 59586 274
59563 59564 275
59569 59585 170
59579 59629 237
59579 59582 145
59604 59647 52
59619 59636 141
59641 59646 63
59652 59675 297
59653 59662 287
59659 59708 228
59674 59720 214
59685 59710 50
59685 59689 297
59701 59748 46
59708 59721 16
59729 59764 26
59742 59761 104
59758 59794 115
59770 59812 298
59776 59796 201
59804 59813 42
59814 59855 280
59836 59869 8
59853 59888 95
59866 59899 176
59884 59892 263
59893 59928 124
59916 59953 27
59921 59966 52
59933 59982 211
59954 59988 234
59982 60012 19
59983 59996 15
60008 60033 189
60012 60043 219
60034 60073 179
60063 60066 166
60083 60095 230
60096 60115 270
60101 60146 75
60129 60168 283
60151 60190 1
60155 60183 114
60170 60189 31
60180 60203 185
60197 60220 296
60211 60261 180
60239 60266 74
60245 60292 251
60275 60276 73
60291 60298 203
60307 60325 39
60331 60361 217
60339 60356 273
60352 60382 150
60373 60383 245
60376 60393 291
60380 60397 130
60400 60439 279
60424 60453 220
60426 60451 297
60430 60446 194
60431 60466 130
60444 60469 37
60456 60493 232
60481 60487 61
60495 60535 212
60519 60531 42
60528 60553 203
60540 60579 49
60540 60570 267
60543 60569 295
60557 60596 218
60558 60575 268
60578 60622 206
60594 60609 30
60595 60604 184
60619 60635 110
60632 60677 209
60645 60652 46
60667 60694 167
60667 60690 54
60689 60706 253
60690 60730 7
60705 60707 176
60717 60718 108
60721 60734 98
60731 60754 132
60758 60785 173
60772 60820 261
60792 60797 186
60794 60825 265
60822 60855 7
60827 60842 178
60840 60852 74
60861 60878 98
60886 60917 191
60891 60927 5
60906 60930 63
60916 60932 147
60946 60952 147
60960 60976 139
60986 61011 208
60986 61032 189
60990 61001 205
61002 61042 266
61032 61036 208
61051 61090 144
61056 61059 222
61065 61085 289
61087 61089 110
61095 61101 94
61114 61130 232
61139 61152 66
61157 61184 110
61163 61213 252
61167 61205 109
61171 61184 254
61185 61203 17
61214 61248 95
61237 61256 239
61263 61292 257
61271 61296 282
61292 61311 67
61293 61306 101
61314 61342 79
61334 61362 282
61336 61344 226
61344 61391 33
61358 61402 18
61379 61386 105
61404 61416 80
61408 61422 77
61436 61462 51
61437 61445 245
61449 61495 206
61453 61469 174
61459 61481 279
61461 61496 188
61475 61500 199
61480 61523 86
61508 61522 113
61537 61556 192
61566 61592 123
61588 61624 166
61609 61618 1
61618 61656 157
61648 61682 133
61671 61688 20
61699 61728 50
61717 61751 160
61718 61740 245
61735 61745 45
61739 61753 46
61747 61794 214
61762 61812 259
61764 61795 166
61791 61794 171
61793 61826 154
61799 61806 299
61806 61855 98
61806 61812 102
61835 61844 42
61845 61881 36
61873 61893 9
61892 61938 195
61912 61929 270
61922 61962 27
61934 61959 148
61939 61988 195
61944 61951 31
61966 61981 214
61968 62016 255
61995 62032 148
61995 62027 250
62024 62046 106
62047 62088 111
62064 62090 62
62081 62104 54
62085 62117 203
62114 62158 102
62141 62180 181
62143 62159 218
62164 62197 235
62174 62212 137
62180 62206 229
62198 62236 253
62217 62265 106
62245 62275 43
62255 62290 185
62282 62321 22
62308 62327 30
62318 62358 217
62345 62362 201
62372 62376 199
62384 62420 182
62388 62405 142
62410 62436 99
62426 62448 95
62430 62434 48
62444 62454 15
62457 62464 223
62485 62531 43
62501 62519 151
62516 62559 153
62546 62595 279
62556 62561 32
62560 62597 242
62578 62606 270
62585 62634 157
62597 62608 232
62627 62650 248
62644 62653 168
62672 62721 280
62699 62748 263
62708 62756 171
62730 62736 39
62753 62787 8
62775 62796 28
62800 62801 54
62822 62838 22
62844 62866 286
62847 62886 279
62850 62888 238
62863 62868 52
62887 62917 153
62901 62948 261
62925 62939 14
62933 62952 119
62946 62984 49
62968 62978 147
62998 63012 271
63017 63033 229
63025 63028 178
63046 63076 102
63061 63098 35
63080 63115 5
63098 63137 270
63120 63128 253
63149 63179 5
63153 63192 124
63179 63217 128
63204 63221 300
63223 63245 231
63228 63267 161
63230 63231 274
63242 63244 99
63266 63303 294
63269 63273 280
63283 63329 19
63294 63301 208
63308 63331 146
63329 63375 159
63344 63390 183
63352 63376 46
63382 63417 20
63401 63405 113
63416 63434 157
63437 63483 159
63453 63470 214
63470 63474 12
63478 63513 273
63502 63540 69
63518 63555 164
63544 63560 206
63550 63599 279
63570 63582 50
63590 63632 134
63614 63655 132
63629 63649 28
63639 63673 114
63640 63646 100
63656 63696 66
63663 63710 119
63672 63719 102
63678 63704 53
63696 63721 221
63704 63720 291
63718 63754 168
63741 63788 176
63752 63757 184
63765 63798 270
63794 63806 272
63808 63850 172
63838 63869 250
63839 63852 79
63846 63883 75
63851 63894 224
63853 63866 292
63861 63874 89
63868 63891 300
63881 63928 267
63892 63941 13
63922 63962 7
63934 63947 167
63957 63964 198
63959 63981 54
63971 63995 32
63988 64028 192
64001 64036 263
64023 64058 295
64052 64083 33
64073 64113 159
64103 64144 253
64131 64172 204
64143 64186 53
64156 64205 165
64168 64186 167
64178 64217 239
64205 64234 113
64210 64257 168
64222 64231 262
64250 64286 253
64273 64282 43
64285 64291 164
64293 64334 8
64302 64320 150
64327 64367 219
64348 64381 108
64356 64405 89
64383 64390 291
64395 64421 20
64405 64429 251
64408 64435 290
64408 64448 212
64412 64450 226
64412 64418 151
64434 64479 28
64451 64477 54
64454 64474 219
64466 64488 258
64494 64533 170
64511 64523 71
64515 64542 52
64520 64564 121
64530 64551 136
64531 64538 298
64542 64562 240
64557 64597 28
64577 64617 201
64595 64618 180
64609 64644 95
64629 64673 265
64656 64702 205
64659 64680 54
64659 64692 97
64661 64699 136
64673 64720 179
64689 64714 142
64707 64749 236
64712 64742 182
64726 64745 199
64731 64755 256
64758 64765 182
64769 64770 79
64786 64824 47
64813 64860 286
64832 64858 91
64836 64885 90
64843 64883 36
64862 64906 147
64882 64915 160
64912 64950 82
64930 64954 41
64951 64993 111
64962 64990 90
64975 64988 59
64982 64994 62
64982 64992 75
65011 65021 230
65035 65045 20
65047 65061 81
65056 65068 230
65059 65071 169
65085 65092 115
65114 65155 258
65131 65156 70
65133 65146 221
65153 65156 283
65153 65172 281
65157 65200 14
65184 65188 60
65205 65224 204
65234 65269 293
65256 65285 300
65272 65322 121
65289 65315 280
65297 65345 224
65315 65325 231
65329 65340 137
65344 65391 270
65352 65374 248
65377 65420 129
65400 65427 246
65411 65449 266
65418 65436 179
65437 65448 75
65460 65495 287
65471 65479 43
65492 65499 53
65514 65523 272
65529 65548 143
65535 65559 232
65562 65581 68
65575 65587 55
65580 65629 36
65610 65626 271
65637 65650 243
65648 65663 119
65654 65665 270
65657 65667 101
65685 65720 58
65699 65726 137
65700 65738 298
65705 65744 281
65723 65742 272
65740 65789 17
65758 65776 133
65784 65787 125
65796 65798 240
65826 65864 143
65827 65861 163
65832 65853 210
65848 65875 175
65860 65907 15
65883 65902 198
65892 65900 68
65897 65918 290
65926 65944 296
65955 65982 8
65966 65978 79
65966 65985 243
65983 66014 198
65985 66012 165
66002 66014 63
66009 66025 110
66012 66023 37
66034 66055 273
66046 66084 86
66072 66088 132
66081 66101 119
66098 66128 46
66100 66120 237
66108 66138 245
66111 66114 63
66128 66171 83
66148 66189 54
66161 66195 257
66176 66197 56
66198 66247 259
66216 66262 49
66223 66258 74
66234 66257 43
66255 66282 40
66258 66267 229
66272 66281 175
66284 66311 35
66292 66295 233
66321 66347 126
66333 66357 117
66341 66354 138
66344 66379 94
66365 66388 27
66367 66396 300
66394 66403 153
66403 66450 111
66409 66428 168
66416 66425 167
66417 66459 80
66433 66456 175
66434 66458 154
66445 66459 29
66475 66501 218
66504 66548 153
66513 66558 153
66537 66568 38
66559 66588 286
66589 66591 111
66597 66600 158
66601 66636 79
66623 66653 49
66628 66662 44
66658 66665 269
66677 66713 32
66692 66735 258
66694 66738 36
66697 66723 162
66697 66739 289
66727 66750 268
66753 66800 2
66783 66797 77
66795 66818 10
66799 66847 11
66818 66844 28
66839 66879 89
66857 66868 111
66866 66887 207
66879 66927 174
66883 66906 15
66888 66935 233
66903 66951 173
66907 66926 136
66932 66982 30
66941 66981 61
66968 67010 210
66988 66993 51
67009 67045 266
67016 67050 290
67044 67072 26
67060 67077 137
67077 67103 81
67090 67128 265
67117 67152 125
67146 67177 38
67173 67188 230
67198 67241 148
67207 67252 128
67210 67217 203
67230 67277 21
67231 67262 21
67249 67280 10
67255 67296 153
67276 67296 263
67300 67333 187
67320 67336 123
67323 67362 55
67338 67349 25
67352 67399 28
67374 67412 69
67389 67423 51
67397 67403 182
67419 67453 175
67424 67447 20
67446 67489 2
67474 67484 241
67488 67527 255
67501 67511 103
67526 67547 266
67533 67545 20
67542 67556 93
67542 67568 297
67556 67598 279
67573 67596 98
67586 67623 126
67612 67615 169
67615 67650 28
67641 67672 142
67654 67663 11
67665 67674 134
67679 67681 230
67706 67710 20
67723 67772 93
67746 67765 4
67750 67788 203
67763 67773 81
67785 67824 2
67803 67824 227
67809 67855 135
67827 67871 115
67844 67848 44
67851 67897 23
67866 67903 52
67894 67895 8
67916 67938 100
67942 67990 273
67966 68006 195
67974 68012 296
67993 68031 294
67994 68003 78
68018 68067 5
68043 68070 43
68053 68057 123
68080 68119 69
68082 68108 210
68111 68126 208
68120 68163 222
68121 68132 151
68143 68190 3
68164 68198 200
68186 68235 151
68210 68260 199
68233 68250 238
68263 68311 38
68266 68315 125
68287 68302 263
68304 68339 183
68305 68348 153
68324 68357 263
68340 68347 153
68342 68356 190
68343 68360 110
68351 68353 18
68380 68402 68
68403 68448 233
68431 68440 210
68451 68498 190
68474 68478 59
68496 68527 195
68500 68540 62
68518 68542 187
68545 68571 61
68575 68620 66
68591 68602 185
68603 68648 217
68605 68651 67
68608 68632 190
68618 68648 181
68644 68673 245
68644 68683 171
68657 68660 137
68685 68720 73
68712 68745 282
68727 68772 147
68729 68755 47
68746 68788 77
68765 68769 256
68778 68810 26
68797 68843 70
68809 68823 69
68831 68859 184
68842 68843 95
68867 68882 234
68891 68901 190
68920 68946 219
68938 68940 9
68939 68973 294
68944 68968 32
68967 69000 43
68967 68985 62
68971 68972 244
68994 69018 263
68998 69048 10
69011 69034 175
69030 69079 150
69055 69081 195
69076 69115 179
69099 69141 3
69124 69168 287
69125 69141 228
69144 69164 290
69158 69179 209
69188 69213 195
69203 69212 14
69210 69227 179
69217 69240 252
69232 69244 76
69258 69270 300
69271 69303 2
69279 69285 244
69293 69302 83
69317 69357 61
69329 69334 56
69345 69378 208
69346 69395 155
69373 69421 16
69401 69442 163
69404 69422 288
69427 69458 251
69427 69438 223
69443 69475 49
69455 69491 42
69474 69522 160
69488 69532 258
69488 69514 291
69507 69533 35
69532 69565 126
69550 69577 34
69568 69569 156
69586 69633 262
69613 69630 181
69621 69670 117
69647 69678 124
69655 69703 135
69658 69684 148
69682 69727 155
69683 69695 151
69690 69705 62
69703 69729 242
69708 69738 253
69731 69773 35
69758 69771 253
69773 69780 232
69786 69789 52
69810 69815 299
69837 69873 288
69841 69891 292
69864 69889 112
69887 69922 167
69911 69917 88
69941 69963 271
69950 69972 43
69963 70007 77
69992 70016 198
70004 70017 243
70007 70039 265
70028 70074 22
70038 70053 247
70056 70090 224
70069 70113 220
70086 70115 88
70102 70113 58
70109 70127 90
70124 70132 99
70152 70201 115
70179 70217 270
70180 70230 280
70197 70198 286
70217 70247 146
70219 70244 73
70248 70291 275
70257 70283 138
70259 70265 203
70264 70311 53
70270 70300 196
70281 70296 204
70292 70322 283
70301 70339 282
70330 70333 59
70352 70389 168
70363 70399 99
70366 70375 238
70371 70398 91
70371 70397 209
70372 70382 157
70396 70435 51
70424 70474 184
70436 70456 66
70443 70449 8
70446 70495 209
70470 70481 70
70498 70544 288
70511 70549 57
70515 70516 138
70518 70537 62
70537 70585 233
70554 70563 137
70568 70603 15
70588 70611 179
70608 70628 82
70618 70633 92
70642 70653 273
70650 70658 7
70652 70660 230
70673 70697 125
70696 70745 72
70709 70759 208
70733 70776 41
70733 70737 77
70740 70790 29
70745 70761 250
70766 70767 148
70784 70802 200
70800 70836 104
70808 70811 185
70834 70844 3
70834 70846 181
70847 70865 221
70876 70894 131
70879 70895 172
70894 70906 208
70899 70929 180
70901 70928 238
70914 70930 147
70929 70956 242
70957 70983 155
70976 70993 154
70993 71018 299
71005 71006 18
71016 71064 283
71023 71034 155
71034 71071 179
71055 71068 221
71068 71096 228
71071 71099 291
71076 71103 248
71096 71142 273
71105 71132 110
71133 71149 251
71141 71169 189
71155 71161 133
71178 71187 259
71201 71251 44
71216 71220 223
71243 71271 248
71262 71311 248
71282 71316 265
71309 71314 173
71312 71332 176
71320 71337 172
71333 71369 290
71336 71383 256
71349 71375 6
71364 71371 280
71394 71427 106
71401 71414 19
71426 71443 138
71432 71434 118
71452 71466 43
71479 71493 6
71484 71497 158
71492 71505 41
71497 71511 151
71520 71525 253
71527 71575 243
71545 71589 257
71575 71588 59
71593 71604 257
71620 71659 131
71626 71647 11
71651 71657 13
71658 71665 27
71672 71691 211
71700 71737 173
71724 71761 291
71724 71746 223
71746 71768 105
71774 71799 67
71787 71813 156
71808 71817 24
71819 71831 273
71847 71877 155
71873 71881 258
71885 71902 172
71897 71923 171
71919 71946 165
71928 71974 154
71946 71981 272
71961 71996 220
71969 72016 289
71979 71980 154
71994 71996 117
72010 72045 288
72026 72062 53
72043 72058 257
72058 72084 2
72061 72109 146
72079 72082 107
72094 72131 81
72110 72160 221
72133 72176 223
72161 72182 223
72167 72217 187
72185 72212 93
72194 72204 217
72206 72217 135
72213 72250 281
72215 72236 27
72244 72283 62
72264 72286 55
72290 72300 295
72308 72336 62
72334 72366 18
72355 72387 12
72358 72364 50
72366 72387 83
72366 72397 56
72379 72408 257
72389 72439 195
72410 72453 136
72415 72422 37
72421 72425 149
72433 72460 282
72444 72450 279
72455 72465 298
72470 72485 121
72499 72506 14
72500 72512 117
72504 72526 223
72513 72518 108
72528 72578 30
72543 72546 271
72564 72585 122
72591 72612 267
72608 72651 225
72623 72657 115
72634 72662 88
72664 72709 275
72672 72688 290
72680 72685 109
72686 72716 80
72693 72712 251
72698 72729 219
72710 72740 95
72718 72734 267
72741 72759 118
72768 72806 244
72770 72814 155
72799 72838 48
72826 72872 172
72854 72861 211
72854 72875 292
72874 72881 287
72885 72887 202
72886 72911 252
72896 72905 299
72902 72903 241
72915 72946 247
72918 72950 40
72936 72949 87
72958 72961 217
72967 72977 193
72981 72982 162
72987 72993 198
73009 73015 176
73025 73064 149
73026 73046 185
73038 73076 191
73046 73068 267
73051 73095 89
73052 73064 98
73076 73087 76
73092 73115 147
73119 73165 80
73146 73174 141
73158 73174 222
73160 73194 181
73180 73206 123
73186 73217 281
73201 73249 200
73219 73233 286
73234 73244 104
73251 73290 18
73281 73303 275
73302 73340 28
73311 73312 257
73321 73332 78
73328 73375 153
73339 73349 151
73345 73349 11
73359 73402 168
73370 73405 150
73395 73399 23
73400 73443 257
73410 73434 243
73430 73434 135
73446 73447 155
73446 73466 247
73475 73506 259
73478 73515 79
73500 73524 293
73524 73537 228
73528 73531 1
73530 73548 69
73536 73582 52
73565 73566 68
73590 73608 93
73619 73636 72
73644 73657 254
73648 73661 131
73671 73706 167
73677 73683 225
73679 73729 94
73689 73737 106
73714 73756 255
73729 73731 193
73736 73765 135
73745 73786 24
73759 73788 102
73783 73797 20
73802 73813 274
73810 73859 147
73836 73848 229
73866 73885 216
73892 73935 52
73893 73918 16
73910 73924 80
73940 73965 158
73956 73987 139
73957 73994 2
73957 74000 203
73961 73995 126
73968 73975 36
73990 73995 17
73995 74024 120
74003 74043 123
74015 74050 290
74017 74028 116
74040 74075 30
74057 74090 89
74065 74110 217
74080 74109 213
74098 74137 273
74111 74140 76
74135 74173 280
74139 74180 38
74169 74206 263
74193 74222 130
74220 74225 181
74229 74252 24
74241 74276 192
74253 74281 280
74280 74316 130
74306 74330 147
74307 74320 291
74312 74357 206
74330 74377 151
74338 74372 9
74368 74382 266
74385 74390 1
74389 74391 49
74391 74397 107
74420 74459 297
74430 74465 101
74448 74496 28
74451 74499 158
74472 74489 46
74482 74486 155
74501 74534 236
74519 74549 256
74543 74559 137
74554 74576 60
74581 74582 87
74606 74612 57
74630 74678 47
74633 74670 56
74649 74685 280
74667 74675 71
