5000
6 20 28
13 24 234
13 26 249
25 46 120
50 75 64
73 102 58
94 139 151
100 124 4
102 124 249
127 173 276
144 149 76
164 179 48
182 204 94
191 229 66
203 208 48
230 278 285
238 272 291
265 277 214
286 333 9
310 356 40
332 378 214
340 389 16
348 389 96
369 410 83
396 442 229
417 459 21
417 425 18
425 470 101
445 455 280
455 501 274
468 518 210
483 500 170
483 517 2
497 521 163
511 530 90
529 531 9
540 586 277
560 603 167
576 598 95
598 603 19
628 668 182
639 648 191
643 664 189
661 704 101
679 728 77
697 722 208
724 754 112
740 752 197
747 750 80
763 773 43
790 802 150
820 852 208
843 847 231
868 897 58
868 890 60
893 936 107
900 926 123
920 955 149
948 983 279
969 976 230
976 980 215
983 1025 99
984 1030 219
999 1036 44
1024 1070 117
1040 1069 140
1068 1103 203
1087 1090 209
1112 1115 155
1139 1152 121
1142 1182 82
1153 1191 83
1182 1223 262
1210 1228 110
1240 1271 57
1254 1289 26
1267 1276 210
1280 1329 222
1308 1335 124
1316 1318 114
1333 1335 40
1346 1391 287
1359 1392 119
1361 1411 100
1385 1409 258
1406 1449 300
1412 1435 41
1414 1448 264
1430 1464 237
1441 1488 62
1469 1519 158
1491 1517 71
1503 1522 293
1504 1518 87
1511 1518 158
1529 1533 125
1537 1556 19
1564 1602 245
1571 1585 259
1574 1610 155
1603 1646 99
1608 1642 94
1638 1681 34
1660 1671 186
1670 1672 142
1673 1706 228
1696 1734 40
1712 1713 137
1721 1727 193
1751 1774 189
1773 1815 276
1790 1794 130
1797 1811 220
1806 1816 105
1833 1835 74
1861 1896 115
1865 1896 151
1873 1899 268
1901 1918 240
1918 1921 208
1928 1934 122
1941 1984 222
1967 1978 250
1996 1998 290
2016 2053 162
2045 2065 72
2065 2073 52
2081 2103 269
2105 2112 242
2135 2162 70
2142 2166 74
2158 2205 238
2167 2207 248
2168 2174 112
2178 2202 72
2195 2243 236
2206 2236 104
2216 2224 145
2226 2264 149
2228 2259 202
2231 2240 93
2260 2284 39
2260 2308 216
2267 2296 277
2291 2313 155
2305 2341 270
2328 2336 52
2346 2373 13
2359 2365 174
2362 2379 127
2363 2386 136
2373 2423 61
2402 2425 17
2415 2423 20
2441 2484 37
2460 2508 279
2472 2509 2
2497 2528 237
2522 2566 195
2541 2563 88
2555 2603 247
2564 2595 90
2574 2577 107
2580 2594 145
2599 2606 65
2603 2649 128
2631 2663 106
2661 2689 128
2675 2713 172
2695 2703 196
2704 2740 245
2732 2768 178
2762 2769 202
2786 2813 181
2801 2839 124
2804 2851 76
2822 2863 266
2835 2852 216
2849 2899 208
2859 2891 126
2884 2903 156
2887 2933 225
2904 2914 218
2912 2946 262
2933 2981 130
2962 2972 52
2977 3023 59
2983 3025 31
2987 3032 270
3002 3046 114
3014 3054 136
3035 3055 5
3058 3106 136
3070 3071 256
3082 3089 163
3102 3116 172
3107 3131 288
3133 3166 64
3138 3155 246
3152 3176 281
3179 3183 170
3190 3219 248
3211 3257 300
3213 3221 52
3243 3264 49
3253 3256 190
3254 3299 221
3255 3271 298
3260 3294 70
3276 3303 87
3279 3324 74
3309 3330 292
3325 3374 100
3342 3370 141
3344 3355 214
3353 3377 135
3374 3396 121
3374 3382 233
3390 3414 162
3420 3457 148
3436 3446 23
3457 3501 35
3464 3508 227
3467 3511 13
3474 3515 223
3503 3529 149
3505 3522 269
3506 3507 268
3522 3523 214
3535 3536 299
3559 3570 123
3562 3604 209
3587 3635 279
3610 3621 188
3612 3629 144
3612 3619 76
3621 3661 55
3650 3697 83
3662 3687 280
3691 3733 74
3694 3703 154
3717 3761 19
3729 3772 229
3746 3773 90
3770 3819 200
3783 3828 210
3807 3829 73
3815 3864 193
3819 3825 267
3825 3834 141
3837 3872 32
3837 3883 231
3841 3889 288
3864 3866 42
3867 3883 199
3895 3912 210
3909 3949 139
3923 3930 2
3946 3974 155
3973 4013 226
3992 4024 158
4004 4039 197
4034 4070 144
4036 4057 70
4060 4084 119
4085 4098 109
4090 4138 38
4111 4148 161
4136 4171 159
4137 4173 102
4167 4217 280
4191 4234 94
4201 4222 255
4229 4263 74
4231 4267 82
4254 4278 288
4265 4312 261
4277 4307 29
4296 4331 190
4310 4332 23
4336 4380 74
4338 4355 130
4365 4376 195
4380 4411 261
4386 4419 168
4413 4437 28
4434 4440 117
4454 4494 64
4466 4484 3
4483 4517 192
4499 4530 280
4501 4520 243
4524 4567 168
4544 4545 105
4558 4594 65
4560 4572 197
4580 4587 101
4582 4615 94
4610 4645 282
4633 4675 86
4633 4670 136
4649 4670 21
4668 4680 40
4680 4710 133
4702 4747 74
4725 4765 26
4736 4771 39
4752 4801 178
4753 4770 227
4767 4815 29
4775 4823 70
4805 4832 255
4816 4826 27
4827 4835 32
4834 4840 28
4860 4910 74
4869 4919 283
4898 4928 32
4916 4937 298
4936 4982 74
4954 5002 259
4969 4987 213
4982 4995 224
4990 5037 183
5002 5049 287
5004 5030 196
5008 5037 255
5034 5053 174
5037 5074 134
5053 5062 245
5071 5107 75
5078 5118 142
5084 5126 148
5106 5110 105
5108 5130 271
5113 5128 153
5122 5172 160
5130 5164 208
5143 5177 99
5147 5191 258
5156 5175 126
5164 5197 83
5191 5217 61
5210 5244 26
5239 5265 275
5254 5294 240
5277 5310 50
5302 5315 138
5328 5333 85
5358 5359 253
5387 5396 98
5412 5454 123
5426 5467 133
5447 5463 191
5456 5458 33
5479 5487 194
5493 5506 126
5508 5535 6
5534 5560 293
5551 5565 166
5553 5591 209
5562 5566 72
5568 5601 87
5587 5621 209
5600 5626 144
5622 5632 133
5632 5654 186
5647 5662 51
5660 5695 257
5672 5697 159
5673 5698 186
5699 5706 28
5721 5747 77
5740 5787 220
5740 5742 193
5748 5785 119
5752 5798 47
5759 5782 14
5761 5796 240
5784 5796 145
5796 5842 190
5817 5854 186
5832 5880 74
5853 5889 277
5863 5906 225
5886 5924 93
5888 5901 58
5917 5948 176
5932 5951 82
5933 5962 90
5960 5995 27
5980 5998 72
6007 6040 250
6016 6019 245
6040 6062 86
6043 6076 96
6064 6073 202
6083 6124 89
6108 6141 220
6120 6123 225
6145 6166 214
6146 6186 115
6169 6202 250
6170 6198 291
6178 6205 240
6197 6223 176
6200 6212 63
6229 6255 121
6253 6296 223
6257 6299 185
6264 6288 280
6265 6306 137
6270 6271 177
6300 6338 127
6319 6360 135
6319 6355 129
6341 6365 99
6355 6384 40
6371 6394 271
6371 6397 255
6373 6374 51
6376 6423 195
6400 6433 299
6425 6446 198
6429 6456 85
6435 6467 160
6445 6446 225
6449 6482 87
6453 6458 170
6456 6500 195
6478 6494 16
6500 6528 174
6527 6553 236
6530 6547 27
6534 6565 290
6543 6560 1
6551 6590 183
6555 6594 89
6564 6610 220
6590 6599 150
6615 6647 235
6642 6680 289
6652 6657 282
6652 6701 188
6667 6693 230
6697 6730 178
6726 6768 42
6728 6766 86
6730 6763 122
6760 6770 8
6779 6821 146
6788 6792 218
6814 6840 62
6831 6846 176
6855 6865 73
6869 6876 149
6886 6890 8
6905 6934 132
6911 6945 259
6915 6924 65
6916 6954 50
6917 6933 47
6933 6963 262
6959 6997 60
6962 6994 51
6990 7020 249
7011 7049 254
7030 7036 19
7049 7077 276
7062 7100 278
7079 7083 283
7088 7128 140
7107 7150 5
7128 7158 248
7137 7165 43
7154 7157 214
7181 7195 213
7185 7209 287
7208 7247 189
7228 7247 287
7241 7243 83
7254 7294 92
7265 7286 246
7274 7316 27
7275 7319 241
7297 7326 189
7297 7319 43
7327 7361 299
7336 7355 144
7338 7351 86
7365 7399 286
7372 7414 15
7401 7442 241
7422 7428 279
7441 7477 33
7452 7491 132
7460 7486 156
7489 7495 257
7495 7532 20
7516 7531 168
7520 7535 180
7536 7544 2
7539 7557 110
7550 7556 42
7570 7609 115
7586 7604 57
7605 7609 14
7608 7614 103
7633 7647 271
7640 7661 133
7660 7704 246
7681 7727 14
7684 7703 13
7690 7692 292
7697 7731 42
7709 7746 263
7727 7731 183
7728 7755 10
7752 7784 173
7753 7760 120
7767 7799 178
7777 7779 30
7796 7812 126
7812 7859 200
7835 7882 243
7858 7882 209
7886 7909 116
7900 7931 286
7911 7926 32
7938 7949 233
7941 7959 19
7943 7986 36
7961 7965 271
7990 8017 251
7995 8024 119
8017 8049 274
8032 8059 252
8059 8071 89
8065 8084 194
8077 8106 246
8097 8118 199
8124 8152 259
8133 8147 204
8134 8168 280
8146 8166 170
8162 8202 65
8175 8201 45
8195 8236 286
8219 8239 31
8229 8249 210
8255 8276 23
8278 8298 272
8281 8319 87
8300 8310 283
8315 8355 104
8328 8363 173
8349 8353 75
8361 8380 48
8386 8429 241
8394 8402 170
8424 8433 146
8447 8474 99
8455 8478 118
8471 8498 192
8482 8505 31
8487 8514 287
8494 8518 56
8508 8518 120
8528 8529 86
8554 8589 152
8562 8578 111
8570 8602 172
8574 8575 259
8587 8623 293
8615 8621 156
8625 8647 231
8629 8657 148
8635 8659 1
8642 8673 206
8653 8661 59
8673 8678 202
8683 8732 90
8692 8699 186
8703 8735 248
8712 8744 107
8737 8764 204
8741 8758 20
8741 8786 59
8754 8765 201
8782 8822 237
8803 8831 76
8828 8830 289
8855 8869 31
8883 8921 6
8911 8933 275
8915 8965 226
8926 8969 1
8948 8972 172
8970 9017 193
8988 9020 188
9001 9021 243
9018 9025 112
9036 9048 149
9049 9061 102
9051 9073 9
9059 9060 44
9079 9103 217
9107 9151 291
9127 9157 8
9152 9197 300
9173 9206 80
9191 9234 139
9206 9233 29
9219 9238 177
9223 9245 35
9237 9266 27
9255 9265 55
9283 9306 55
9306 9347 116
9308 9352 284
9338 9381 159
9361 9373 74
9391 9432 251
9420 9434 9
9427 9466 161
9443 9445 158
9469 9479 73
9477 9501 224
9502 9544 169
9522 9558 46
9535 9541 35
9547 9578 161
9557 9593 222
9569 9608 148
9588 9620 279
9612 9616 52
9628 9636 161
9640 9655 25
9664 9680 180
9693 9705 63
9711 9728 141
9726 9769 87
9730 9744 58
9745 9793 114
9758 9777 243
9764 9787 138
9781 9798 96
9810 9838 76
9819 9840 256
9835 9855 75
9856 9880 83
9856 9874 230
9864 9891 92
9869 9876 271
9888 9904 150
9908 9936 178
9936 9950 273
9949 9995 289
9977 9987 116
9995 10001 227
9998 10009 54
10024 10067 270
10046 10052 150
10059 10068 269
10078 10109 246
10090 10105 50
10115 10150 177
10132 10165 121
10155 10161 208
10180 10199 74
10192 10231 281
10213 10251 175
10242 10280 40
10272 10285 151
10300 10324 24
10314 10317 194
10332 10357 269
10344 10355 44
10357 10360 52
10359 10407 91
10386 10407 36
10406 10419 293
10418 10430 190
10419 10451 161
10438 10446 53
10461 10472 101
10484 10530 168
10510 10532 292
10510 10556 223
10522 10534 104
10533 10534 30
10547 10580 7
10567 10593 263
10595 10607 89
10601 10612 96
10630 10661 252
10630 10649 252
10648 10675 54
10656 10682 237
10665 10678 138
10682 10719 81
10704 10745 102
10705 10738 287
10706 10720 175
10733 10772 122
10737 10754 40
10748 10758 236
10758 10796 182
10774 10798 50
10774 10817 20
10782 10811 14
10800 10832 241
10818 10859 97
10823 10865 272
10848 10872 43
10871 10911 72
10894 10927 174
10922 10956 187
10923 10957 20
10950 10973 200
10950 10981 29
10971 11020 270
10988 10995 143
11015 11031 233
11029 11079 126
11055 11078 259
11085 11091 255
11104 11148 12
11121 11158 74
11147 11192 246
11161 11185 7
11191 11238 111
11201 11226 166
11231 11261 114
11238 11271 298
11242 11267 28
11272 11288 92
11281 11291 32
11307 11319 247
11311 11343 113
11321 11368 241
11349 11356 50
11363 11375 120
11367 11368 273
11367 11374 254
11375 11425 254
11376 11419 219
11396 11429 172
11415 11440 162
11438 11483 250
11447 11488 183
11474 11518 300
11500 11523 293
11519 11525 229
11549 11592 199
11551 11573 198
11568 11612 52
11571 11581 152
11582 11624 172
11584 11623 73
11590 11611 297
11610 11627 56
11626 11663 114
11626 11672 78
11641 11682 248
11646 11670 225
11652 11670 293
11654 11694 23
11666 11672 284
11692 11711 247
11694 11724 104
11710 11711 59
11731 11737 237
11760 11769 40
11784 11829 230
11796 11842 253
11807 11852 159
11822 11841 223
11844 11876 45
11846 11885 41
11871 11889 124
11895 11914 262
11901 11911 63
11911 11919 171
11920 11958 91
11926 11963 287
11935 11978 259
11937 11978 141
11967 12014 20
11987 11992 287
11999 12026 223
12017 12030 60
12043 12093 261
12068 12086 25
12094 12116 217
12116 12133 48
12135 12159 204
12153 12201 264
12177 12212 90
12178 12228 176
12179 12228 211
12190 12192 292
12195 12207 199
12220 12260 214
12248 12265 90
12276 12326 55
12277 12310 96
12280 12281 13
12308 12344 300
12319 12363 241
12337 12339 32
12367 12378 58
12372 12400 40
12394 12431 171
12404 12447 117
12408 12441 148
12437 12443 94
12443 12455 11
12444 12486 74
12470 12483 58
12477 12492 282
12488 12533 48
12488 12531 158
12494 12537 84
12522 12570 217
12538 12547 284
12568 12600 109
12585 12592 244
12611 12617 234
12625 12657 23
12652 12657 146
12658 12668 222
12658 12685 264
12685 12688 237
12691 12715 85
12712 12760 11
12721 12758 77
12738 12774 96
12745 12789 189
12766 12816 136
12779 12783 254
12793 12820 20
12806 12830 238
12812 12856 79
12840 12852 263
12857 12901 127
12863 12913 70
12884 12897 78
12911 12921 79
12927 12965 104
12952 13000 298
12977 12998 40
12986 13011 250
13004 13031 254
13018 13033 170
13042 13058 167
13053 13075 212
13082 13102 207
13096 13120 128
13108 13113 160
13114 13156 116
13134 13172 287
13150 13151 187
13152 13161 91
13174 13202 39
13177 13211 203
13183 13232 264
13203 13250 112
13228 13274 65
13235 13271 150
13241 13284 265
13270 13279 223
13271 13295 45
13290 13299 26
13290 13327 271
13296 13321 135
13315 13338 117
13341 13359 218
13347 13395 109
13354 13361 138
13369 13416 55
13395 13401 44
13424 13426 287
13450 13470 106
13479 13487 103
13495 13501 54
13516 13534 124
13546 13586 193
13552 13599 231
13578 13614 176
13583 13614 6
13590 13613 32
13615 13659 86
13629 13669 155
13641 13664 277
13657 13670 69
13671 13719 155
13675 13695 52
13685 13693 112
13707 13730 245
13725 13743 163
13734 13766 213
13756 13791 111
13765 13779 81
13767 13808 175
13770 13779 274
13799 13824 164
13811 13857 63
13833 13836 199
13846 13879 111
13872 13914 40
13887 13895 169
13894 13944 293
13897 13946 56
13910 13955 55
13920 13944 80
13941 13977 182
13964 13988 147
13994 14015 241
13994 14003 269
14002 14013 118
14024 14027 145
14044 14053 62
14044 14092 211
14074 14124 45
14092 14126 79
14096 14134 149
14113 14150 212
14116 14160 51
14134 14165 277
14156 14161 221
14158 14204 50
14173 14216 67
14173 14177 39
14186 14223 197
14197 14228 210
14216 14232 38
14232 14279 181
14242 14266 235
14265 14272 191
14288 14317 249
14295 14296 241
14305 14318 89
14306 14307 287
14307 14323 211
14327 14376 13
14348 14373 278
14360 14372 172
14366 14410 3
14394 14411 48
14413 14434 178
14438 14447 84
14443 14460 3
14469 14485 168
14470 14516 210
14475 14515 161
14484 14506 160
14484 14509 276
14494 14527 152
14501 14533 9
14506 14556 10
14535 14544 196
14556 14603 200
14573 14593 15
14597 14640 79
14620 14649 242
14642 14656 168
14643 14672 205
14644 14693 202
14656 14663 168
14657 14695 43
14664 14695 29
14665 14692 269
14693 14705 296
14721 14744 285
14722 14767 65
14740 14774 106
14769 14782 55
14795 14829 85
14819 14859 296
14827 14829 172
14856 14875 95
14883 14932 134
14905 14934 96
14910 14935 30
14931 14957 147
14947 14993 298
14955 14983 43
14965 14989 253
14985 14990 126
15006 15043 243
15029 15079 87
15033 15059 296
15047 15060 269
15058 15108 21
15084 15120 85
15106 15131 25
15130 15179 2
15153 15183 244
15170 15198 146
15180 15185 76
15183 15230 159
15201 15232 175
15229 15273 80
15234 15261 159
15261 15303 156
15288 15338 13
15309 15337 198
15314 15357 163
15323 15327 171
15345 15353 157
15354 15355 285
15381 15430 169
15410 15448 149
15430 15470 140
15453 15455 60
15470 15491 235
15481 15529 147
15483 15529 50
15503 15531 103
15518 15558 299
15523 15544 77
15546 15586 108
15574 15596 131
15580 15595 201
15607 15609 211
15619 15629 277
15640 15690 28
15649 15693 53
15660 15696 49
15660 15701 38
15679 15690 135
15698 15705 104
15698 15734 64
15715 15726 178
15725 15740 137
15732 15744 189
15732 15779 214
15760 15796 96
15786 15826 228
15797 15819 33
15821 15837 8
15836 15862 153
15863 15876 159
15869 15873 13
15880 15921 281
15910 15926 68
15939 15983 114
15969 16006 105
15986 15989 286
15995 16015 105
16021 16022 58
16021 16022 184
16032 16062 87
16038 16055 288
16068 16097 50
16075 16104 10
16092 16115 143
16118 16137 3
16146 16171 39
16166 16190 248
16167 16201 266
16197 16200 142
16208 16244 227
16238 16242 139
16266 16304 82
16275 16287 218
16294 16302 183
16315 16363 230
16326 16328 187
16340 16358 128
16351 16372 257
16357 16390 19
16381 16398 234
16382 16391 219
16392 16398 125
16421 16467 176
16450 16471 69
16463 16483 167
16463 16491 285
16487 16505 90
16487 16515 91
16495 16499 168
16504 16554 157
16505 16546 170
16535 16580 82
16547 16574 127
16575 16586 285
16586 16595 54
16596 16634 46
16623 16666 42
16623 16653 218
16632 16681 202
16657 16674 38
16662 16686 5
16689 16706 233
16715 16745 30
16730 16756 26
16753 16786 150
16774 16820 231
16779 16811 112
16801 16835 228
16819 16863 195
16823 16849 62
16852 16871 278
16875 16917 17
16877 16925 261
16896 16936 110
16899 16909 21
16926 16966 79
16927 16972 67
16938 16944 37
16944 16956 51
16971 16994 30
16982 17031 35
17003 17049 259
17005 17035 26
17007 17047 125
17034 17036 208
17053 17096 221
17073 17080 167
17085 17118 180
17105 17153 13
17131 17171 8
17156 17177 117
17174 17180 80
17184 17188 263
17199 17234 1
17201 17234 6
17201 17248 156
17204 17243 235
17233 17282 11
17263 17271 288
17268 17312 60
17272 17290 236
17291 17310 67
17297 17313 139
17311 17350 283
17331 17351 2
17341 17383 259
17358 17399 276
17380 17386 281
17389 17391 286
17414 17419 213
17423 17428 155
17439 17445 256
17467 17484 75
17482 17513 188
17490 17507 161
17519 17559 233
17544 17559 170
17545 17583 149
17546 17594 51
17573 17619 34
17591 17626 273
17607 17646 7
17611 17636 60
17617 17660 115
17635 17642 75
17638 17659 15
17640 17685 189
17645 17661 297
17657 17679 224
17661 17695 122
17682 17683 187
17695 17735 285
17701 17717 21
17715 17744 228
17741 17742 280
17749 17768 198
17769 17805 177
17782 17806 149
17809 17812 36
17826 17840 70
17845 17894 126
17870 17874 86
17875 17909 21
17892 17904 207
17918 17946 50
17922 17961 64
17944 17951 32
17964 17990 78
17977 17985 196
17978 18007 157
17990 18007 126
17997 18004 38
17997 18029 150
18007 18057 258
18009 18026 110
18034 18082 194
18053 18088 258
18067 18117 199
18090 18124 38
18098 18114 72
18125 18168 229
18132 18158 45
18159 18164 268
18177 18225 186
18196 18206 96
18219 18251 225
18234 18274 111
18248 18270 179
18254 18277 64
18273 18290 194
18297 18316 246
18299 18308 278
18302 18323 125
18326 18336 144
18346 18395 285
18359 18365 67
18370 18390 270
18379 18405 266
18407 18419 48
18431 18473 220
18447 18462 36
18455 18464 262
18458 18463 241
18487 18506 281
18505 18538 60
18509 18526 203
18539 18555 198
18562 18598 213
18566 18604 169
18587 18633 190
18604 18633 143
18604 18626 274
18614 18652 127
18615 18630 49
18638 18688 133
18661 18664 225
18665 18672 224
18690 18691 138
18691 18732 116
18694 18744 122
18717 18754 285
18723 18744 22
18723 18741 52
18743 18770 297
18745 18791 23
18761 18767 4
18778 18779 87
18795 18844 111
18801 18823 247
18804 18843 293
18834 18859 7
18863 18879 277
18872 18899 11
18882 18893 96
18891 18919 232
18912 18916 51
18920 18922 131
18941 18961 84
18970 18987 89
18979 19006 113
19009 19040 55
19024 19045 33
19038 19064 185
19052 19095 210
19061 19105 15
19084 19119 226
19094 19139 39
19120 19159 83
19131 19156 136
19145 19176 168
19171 19200 100
19179 19180 79
19189 19212 78
19218 19261 234
19246 19255 23
19255 19300 81
19262 19266 229
19265 19275 20
19279 19293 226
19283 19324 284
19300 19334 221
19303 19304 48
19325 19335 109
19340 19341 17
19344 19362 84
19355 19405 135
19370 19387 27
19387 19411 226
19397 19421 199
19409 19435 177
19415 19429 258
19418 19458 72
19444 19487 268
19456 19502 180
19482 19505 23
19505 19525 213
19523 19572 67
19543 19570 67
19565 19615 88
19576 19579 109
19599 19623 215
19625 19642 145
19632 19665 138
19645 19690 290
19663 19678 34
19683 19718 10
19702 19712 114
19730 19731 81
19738 19752 75
19754 19768 287
19773 19813 136
19789 19833 197
19813 19839 272
19833 19858 238
19843 19851 110
19854 19860 230
19874 19915 152
19876 19911 85
19889 19916 154
19908 19941 158
19937 19979 20
19964 19996 208
19968 20006 233
19983 20023 200
20000 20040 85
20019 20054 62
20041 20080 97
20061 20099 293
20067 20078 103
20095 20098 227
20109 20155 129
20135 20179 144
20152 20200 233
20160 20186 240
20179 20225 104
20179 20209 189
20181 20186 210
20193 20215 143
20204 20208 211
20212 20252 168
20219 20256 71
20238 20255 172
20250 20276 134
20252 20284 3
20254 20293 25
20262 20303 248
20268 20314 134
20283 20321 46
20285 20298 44
20291 20324 115
20294 20322 173
20314 20359 225
20325 20363 194
20333 20357 24
20360 20388 137
20375 20398 81
20402 20432 264
20404 20419 139
20415 20441 154
20422 20423 35
20449 20498 89
20477 20506 125
20494 20540 39
20498 20503 257
20523 20542 100
20526 20530 22
20526 20567 192
20538 20562 52
20567 20572 31
20586 20630 162
20593 20605 12
20613 20619 226
20634 20657 39
20645 20672 242
20645 20674 299
20652 20692 32
20675 20720 175
20688 20717 140
20717 20763 198
20737 20773 264
20738 20776 45
20762 20770 220
20790 20826 97
20795 20817 19
20815 20863 13
20819 20850 120
20846 20854 296
20869 20891 83
20875 20920 93
20876 20900 64
20878 20920 269
20901 20936 120
20911 20944 284
20920 20943 134
20949 20956 87
20973 20980 20
20988 21007 53
20996 21012 250
21012 21046 6
21025 21033 77
21032 21076 16
21051 21053 132
21063 21096 296
21066 21109 148
21072 21096 84
21102 21147 252
21130 21141 53
21140 21173 67
21165 21198 138
21195 21242 266
21200 21209 147
21225 21270 91
21227 21265 5
21255 21266 203
21273 21281 30
21279 21286 219
21302 21304 63
21318 21346 147
21331 21356 183
21340 21382 247
21341 21375 133
21357 21359 298
21379 21399 237
21399 21425 287
21416 21427 157
21426 21476 276
21450 21491 137
21456 21479 127
21480 21521 20
21505 21551 272
21518 21550 291
21519 21521 111
21538 21561 199
21551 21580 22
21579 21626 272
21581 21620 79
21609 21632 56
21619 21641 224
21648 21650 264
21677 21691 291
21684 21731 20
21702 21718 59
21713 21716 202
21716 21747 241
21739 21746 30
21740 21775 170
21755 21793 231
21778 21808 21
21799 21816 299
21822 21834 40
21837 21877 265
21845 21886 282
21848 21895 191
21870 21914 115
21895 21911 156
21908 21913 168
21930 21971 263
21953 21967 144
21960 21992 107
21973 22015 137
21975 22021 23
21975 21986 32
22002 22017 253
22002 22016 279
22018 22028 138
22041 22050 199
22055 22103 36
22078 22115 219
22081 22111 263
22090 22117 291
22106 22116 49
22112 22155 115
22126 22160 23
22143 22160 178
22150 22151 118
22155 22176 166
22176 22192 90
22195 22204 277
22207 22234 143
22230 22248 37
22260 22283 8
22287 22298 65
22307 22356 50
22323 22357 190
22330 22358 49
22343 22368 104
22359 22396 13
22363 22396 244
22380 22394 251
22402 22436 249
22410 22432 245
22415 22455 60
22442 22491 263
22455 22490 210
22458 22463 5
22474 22493 184
22474 22522 252
22494 22534 285
22501 22546 184
22528 22575 165
22558 22588 263
22582 22632 121
22587 22600 228
22604 22643 269
22604 22644 2
22614 22619 176
22635 22672 259
22647 22648 278
22675 22722 145
22680 22682 128
22687 22688 126
22713 22719 110
22736 22748 7
22759 22795 83
22766 22813 60
22787 22834 219
22797 22845 139
22824 22859 211
22837 22867 217
22845 22887 41
22869 22870 271
22888 22891 266
22893 22911 49
22919 22935 2
22923 22950 289
22936 22977 235
22951 22997 291
22972 23013 211
22994 23024 293
23018 23063 68
23036 23043 234
23043 23066 67
23068 23117 107
23090 23126 89
23099 23147 191
23126 23145 126
23148 23162 255
23169 23210 34
23181 23223 139
23184 23234 130
23212 23227 257
23234 23277 8
23255 23299 165
23271 23305 248
23296 23324 1
23310 23336 32
23317 23351 34
23336 23372 61
23336 23359 42
23349 23376 101
23373 23403 278
23397 23443 198
23425 23469 80
23427 23466 159
23446 23469 262
23473 23502 87
23487 23507 206
23493 23524 273
23502 23538 160
23517 23519 22
23530 23566 256
23535 23562 133
23556 23563 156
23583 23622 247
23585 23631 57
23608 23611 151
23613 23621 25
23640 23663 137
23667 23704 139
23672 23718 197
23683 23687 115
23694 23730 179
23711 23761 74
23715 23719 180
23739 23750 261
23750 23777 98
23767 23797 132
23774 23781 94
23798 23799 47
23799 23830 266
23801 23849 123
23815 23820 26
23845 23856 149
23851 23882 228
23880 23888 78
23901 23939 295
23911 23940 22
23917 23954 119
23936 23979 218
23951 23970 269
23972 23979 147
23974 23985 21
23996 24026 296
24004 24048 2
24026 24075 242
24055 24083 246
24078 24097 171
24080 24099 207
24092 24134 105
24105 24112 117
24111 24124 113
24132 24133 173
24151 24188 152
24165 24203 251
24191 24217 61
24201 24243 45
24203 24206 163
24205 24245 38
24217 24231 218
24222 24233 281
24223 24264 266
24235 24240 169
24261 24263 93
24268 24271 89
24271 24303 160
24274 24298 38
24295 24313 43
24325 24333 62
24331 24372 207
24332 24353 132
24338 24345 173
24350 24362 12
24370 24379 98
24394 24407 250
24421 24432 199
24432 24458 6
24435 24453 30
24454 24477 56
24457 24477 264
24467 24516 92
24489 24530 220
24493 24536 276
24508 24553 107
24514 24562 273
24524 24568 30
24532 24572 7
24542 24559 142
24567 24571 70
24582 24594 105
24591 24597 277
24601 24642 289
24614 24619 156
24622 24668 255
24649 24681 26
24664 24682 25
24677 24700 272
24706 24727 146
24725 24763 184
24733 24770 264
24750 24760 96
24757 24768 35
24761 24808 295
24778 24812 192
24788 24808 79
24800 24818 101
24810 24860 155
24819 24863 178
24831 24842 114
24843 24859 25
24852 24855 260
24882 24887 148
24890 24908 73
24894 24933 89
24901 24907 255
24910 24911 267
24920 24938 242
24947 24980 231
24951 24959 283
24954 24982 178
24968 24974 231
24996 25037 295
25009 25048 90
25019 25038 294
25020 25064 178
25031 25053 298
25032 25040 217
25052 25096 152
25070 25085 1
25096 25102 278
25116 25164 155
25139 25159 91
25155 25167 150
25181 25185 197
25190 25195 256
25209 25257 7
25231 25266 86
25253 25292 122
25274 25305 68
25290 25330 16
25293 25339 39
25302 25349 182
25315 25338 61
25339 25353 239
25345 25376 226
25350 25382 4
25370 25382 195
25372 25409 82
25402 25414 53
25409 25451 164
25422 25456 274
25437 25478 257
25450 25475 164
25461 25500 126
25469 25499 109
25481 25528 137
25498 25520 133
25500 25542 216
25508 25552 192
25514 25531 190
25515 25555 1
25542 25547 35
25558 25561 64
25585 25607 115
25606 25613 230
25628 25639 97
25648 25678 11
25667 25694 64
25681 25708 46
25685 25694 222
25691 25726 160
25709 25723 201
25736 25751 160
25756 25797 249
25776 25825 41
25788 25837 2
25808 25826 182
25817 25854 23
25847 25892 236
25854 25897 230
25863 25872 9
25884 25931 179
25912 25925 92
25923 25957 246
25928 25971 90
25940 25954 125
25967 25996 187
25984 25993 44
26010 26016 238
26010 26037 226
26018 26031 196
26024 26029 103
26041 26091 64
26045 26082 17
26067 26074 102
26074 26089 106
26090 26118 249
26106 26108 154
26132 26154 109
26146 26160 279
26174 26215 91
26174 26213 237
26176 26188 247
26177 26220 132
26207 26216 52
26218 26252 41
26248 26297 286
26251 26289 75
26260 26286 299
26280 26309 217
26305 26317 91
26333 26377 45
26339 26349 222
26362 26395 220
26392 26397 72
26398 26426 165
26422 26471 211
26435 26479 62
26454 26469 230
26458 26470 43
26478 26505 260
26482 26510 287
26497 26499 120
26499 26531 47
26513 26554 39
26513 26547 80
26526 26531 259
26539 26588 139
26548 26560 271
26554 26560 66
26571 26602 247
26575 26619 25
26603 26621 110
26613 26614 296
26618 26650 185
26634 26670 250
26653 26699 235
26655 26670 243
26663 26679 80
26684 26717 121
26699 26731 134
26699 26749 17
26723 26763 276
26731 26765 96
26746 26775 244
26773 26807 159
26795 26835 204
26798 26831 183
26821 26850 225
26836 26845 222
26844 26852 88
26870 26881 108
26897 26906 168
26904 26946 70
26907 26926 153
26907 26939 206
26917 26953 152
26937 26939 149
26957 26975 234
26957 26976 221
26978 27002 98
27005 27006 300
27012 27029 290
27022 27062 181
27032 27039 277
27034 27080 31
27059 27066 85
27071 27104 128
27091 27125 221
27103 27140 242
27106 27121 101
27128 27145 121
27141 27161 83
27157 27173 76
27180 27227 13
27187 27198 140
27212 27255 238
27212 27227 90
27219 27255 80
27231 27242 184
27258 27260 30
27258 27299 38
27273 27294 149
27276 27301 186
27277 27300 141
27300 27350 136
27317 27363 174
27338 27368 285
27362 27383 164
27374 27399 261
27381 27400 17
27386 27404 230
27411 27422 31
27425 27466 35
27429 27450 144
27454 27494 177
27476 27515 143
27481 27508 176
27502 27534 237
27513 27561 40
27520 27564 233
27540 27569 55
27562 27601 257
27584 27633 1
27609 27620 276
27614 27647 23
27639 27655 153
27660 27702 171
27663 27700 287
27690 27723 275
27708 27730 83
27725 27744 276
27747 27790 154
27775 27784 8
27796 27829 43
27825 27844 213
27838 27846 185
27867 27868 61
27881 27926 97
27910 27954 128
27920 27948 109
27936 27964 106
27953 27974 162
27954 27970 169
27981 28011 294
28003 28052 77
28032 28056 129
28046 28052 105
28057 28107 257
28087 28110 261
28094 28121 211
28105 28136 220
28114 28135 37
28139 28156 240
28153 28186 297
28168 28196 53
28183 28214 288
28189 28230 220
28208 28221 195
28229 28277 51
28243 28262 49
28267 28278 92
28289 28332 169
28316 28324 240
28319 28350 22
28319 28336 294
28329 28338 39
28339 28372 100
28352 28399 35
28369 28402 190
28396 28412 150
28417 28419 108
28435 28463 137
28455 28467 278
28480 28514 275
28480 28520 246
28484 28500 51
28512 28553 84
28524 28536 133
28532 28537 82
28550 28560 90
28564 28594 265
28592 28621 58
28601 28650 134
28612 28662 189
28642 28680 208
28662 28666 135
28665 28695 158
28680 28688 101
28684 28687 67
28688 28701 226
28697 28716 72
28714 28727 183
28741 28756 54
28752 28785 5
28759 28773 216
28761 28810 273
28784 28829 45
28795 28833 248
28820 28859 4
28822 28870 271
28847 28869 245
28848 28880 174
28860 28884 285
28872 28876 15
28893 28895 38
28905 28946 23
28929 28946 39
28958 28961 269
28959 29005 133
28961 28990 195
28966 28990 184
28976 29003 122
28987 29033 179
29016 29030 221
29046 29054 193
29049 29083 256
29079 29124 272
29086 29093 105
29089 29103 185
29110 29146 251
29135 29164 86
29137 29154 296
29161 29199 298
29161 29209 223
29186 29233 261
29196 29233 129
29218 29226 245
29247 29273 9
29262 29297 255
29285 29309 54
29306 29340 58
29316 29360 171
29335 29385 63
29362 29368 177
29366 29369 252
29372 29387 211
29378 29402 122
29398 29424 125
29425 29434 170
29426 29476 239
29447 29479 189
29466 29511 76
29496 29528 67
29499 29503 123
29519 29540 10
29537 29546 33
29561 29569 20
29586 29599 62
29591 29595 190
29616 29621 137
29619 29642 231
29645 29663 111
29650 29686 75
29665 29671 268
29693 29723 190
29709 29759 209
29734 29769 170
29746 29792 75
29762 29773 69
29779 29805 223
29784 29833 191
29800 29809 209
29823 29832 70
29828 29874 243
29857 29884 185
29873 29887 170
29892 29924 64
29901 29913 262
29918 29958 146
29943 29975 170
29955 29988 86
29979 29994 23
30009 30034 133
30030 30072 266
30044 30069 17
30053 30095 76
30072 30116 299
30094 30136 115
30096 30145 175
30100 30104 35
30106 30146 271
30106 30111 20
30123 30161 58
30152 30155 28
30175 30205 85
30190 30231 98
30199 30249 254
30210 30225 221
30210 30233 131
30212 30226 30
30232 30248 191
30258 30292 204
30262 30308 80
30274 30313 174
30292 30294 286
30315 30363 266
30321 30365 220
30351 30380 140
30356 30404 76
30366 30393 38
30396 30439 80
30413 30438 263
30442 30476 112
30464 30479 190
30490 30502 187
30516 30519 61
30544 30564 189
30563 30566 180
30563 30601 50
30574 30577 287
30578 30609 281
30594 30634 102
30605 30627 26
30616 30645 230
30627 30669 163
30628 30637 139
30639 30644 281
30644 30649 124
30660 30674 287
30683 30695 231
30713 30735 3
30732 30748 264
30748 30767 203
30772 30816 204
30772 30814 235
30797 30814 295
30809 30851 179
30825 30857 297
30847 30875 281
30850 30862 183
30880 30906 72
30881 30916 271
30894 30907 116
30906 30948 45
30916 30957 24
30938 30944 27
30951 30979 176
30960 30995 36
30971 30980 70
30980 31027 68
30997 30999 11
31019 31044 131
31027 31069 35
31043 31093 1
31073 31081 32
31082 31086 158
31100 31114 291
31107 31154 107
31112 31129 207
31141 31144 204
31153 31188 111
31171 31203 73
31199 31202 69
31206 31213 81
31230 31235 149
31251 31292 180
31254 31292 157
31257 31281 97
31257 31304 114
31281 31287 297
31284 31324 151
31288 31319 199
31298 31324 227
31300 31318 287
31319 31360 278
31323 31324 248
31353 31402 281
31372 31421 53
31401 31429 74
31406 31434 290
31408 31444 120
31425 31447 3
31430 31437 229
31455 31497 5
31485 31511 217
31493 31511 142
31500 31518 109
31508 31518 189
31510 31539 115
31535 31564 93
31562 31567 217
31572 31613 13
31587 31591 51
31610 31622 67
31614 31651 243
31644 31646 55
31646 31696 63
31650 31651 111
31666 31705 162
31674 31694 57
31688 31694 141
31705 31716 146
31729 31733 172
31736 31774 128
31763 31785 144
31763 31770 183
31764 31779 225
31771 31803 277
31777 31783 63
31799 31848 155
31818 31826 297
31846 31875 124
31849 31894 36
31862 31900 116
31889 31932 29
31903 31910 124
31925 31971 58
31944 31945 52
31973 31989 34
32003 32035 180
32016 32055 125
32020 32043 295
32028 32064 13
32054 32096 5
32077 32097 114
32100 32148 94
32129 32141 268
32135 32168 162
32136 32173 176
32155 32182 19
32171 32194 37
32196 32214 275
32225 32232 93
32254 32292 162
32281 32327 81
32286 32310 157
32296 32313 72
32297 32328 125
32297 32344 39
32302 32343 82
32320 32340 208
32332 32377 110
32358 32372 115
32371 32408 53
32382 32393 138
32390 32418 63
32395 32436 16
32425 32429 91
32445 32452 111
32458 32491 113
32478 32515 192
32490 32517 99
32507 32543 250
32530 32575 238
32530 32555 178
32553 32588 118
32572 32594 221
32577 32587 240
32580 32601 124
32607 32634 250
32635 32644 276
32662 32707 47
32670 32680 167
32685 32689 37
32685 32710 100
32701 32742 73
32730 32758 137
32731 32772 14
32758 32760 173
32777 32827 228
32777 32794 180
32792 32804 274
32800 32801 20
32806 32838 269
32812 32848 288
32815 32863 221
32834 32869 239
32847 32869 272
32862 32911 182
32873 32893 138
32883 32896 96
32893 32906 280
32914 32933 246
32923 32956 24
32953 32967 245
32961 33002 1
32964 33009 169
32991 33027 229
33007 33012 238
33037 33079 146
33059 33093 82
33078 33126 165
33100 33113 150
33109 33119 19
33115 33132 80
33121 33139 102
33126 33130 170
33133 33146 110
33160 33198 49
33179 33197 89
33190 33191 58
33212 33259 221
33221 33236 204
33225 33253 249
33239 33285 212
33256 33265 217
33275 33276 281
33293 33300 218
33307 33349 290
33318 33327 259
33326 33357 3
33339 33357 146
33339 33352 134
33345 33388 240
33359 33364 153
33376 33423 132
33391 33439 244
33406 33443 20
33406 33415 98
33420 33433 88
33438 33450 4
33463 33472 112
33480 33525 267
33496 33522 269
33520 33540 162
33536 33585 279
33544 33580 250
33572 33611 90
33599 33635 115
33616 33624 220
33627 33640 126
33634 33650 172
33644 33654 118
33666 33705 90
33690 33734 76
33696 33705 111
33700 33726 193
33706 33717 287
33726 33736 299
33726 33775 21
33747 33778 189
33755 33805 16
33780 33805 183
33810 33859 133
33819 33828 137
33845 33871 133
33856 33874 281
33885 33889 20
33903 33940 101
33911 33927 4
33926 33953 133
33929 33956 10
33952 33973 133
33955 33958 184
33961 33993 99
33964 33971 205
33973 33987 76
33993 34043 64
34002 34025 45
34020 34052 14
34043 34057 81
34057 34059 185
34067 34073 239
34067 34094 59
34090 34117 91
34100 34140 135
34108 34157 95
34119 34150 241
34145 34182 17
34169 34174 222
34190 34226 154
34200 34248 171
34227 34263 131
34231 34254 103
34252 34293 5
34276 34304 255
34298 34325 269
34302 34341 243
34311 34331 174
34318 34334 62
34338 34353 238
34351 34359 193
34373 34376 136
34384 34401 243
34407 34444 181
34426 34429 233
34454 34500 30
34466 34467 271
34482 34501 147
34498 34502 204
34519 34547 167
34542 34580 24
34563 34583 147
34587 34620 81
34613 34621 259
34615 34656 3
34642 34651 201
34667 34674 54
34689 34710 282
34706 34733 62
34730 34745 281
34736 34744 85
34742 34785 163
34755 34781 79
34778 34825 277
34791 34808 274
34792 34820 50
34806 34807 9
34828 34856 111
34835 34867 255
34848 34873 17
34867 34910 168
34875 34910 2
34884 34897 38
34886 34909 89
34896 34932 74
34915 34927 51
34916 34925 7
34940 34961 82
34960 34986 296
34988 35017 158
34997 34998 165
34998 35000 290
35013 35030 125
35028 35037 171
35055 35100 98
35055 35094 120
35065 35099 185
35090 35136 204
35099 35127 144
35102 35152 221
35110 35142 125
35137 35151 24
35139 35153 226
35149 35189 184
35156 35170 109
35172 35186 16
35200 35215 76
35221 35261 141
35244 35254 11
35269 35270 240
35292 35335 80
35295 35330 5
35308 35320 83
35328 35374 133
35332 35369 39
35358 35363 288
35382 35389 199
35393 35418 274
35410 35419 74
35435 35473 154
35460 35482 240
35467 35511 127
35472 35475 158
35494 35502 64
35502 35518 247
35526 35565 152
35537 35566 58
35549 35555 174
35563 35591 93
35569 35594 225
35595 35643 179
35597 35634 67
35609 35636 29
35638 35680 169
35641 35645 280
35648 35698 206
35673 35699 121
35685 35733 121
35711 35741 250
35715 35757 198
35734 35773 283
35760 35794 21
35763 35809 88
35763 35803 106
35777 35803 20
35792 35798 207
35816 35856 260
35844 35887 156
35868 35884 69
35870 35901 94
35899 35913 154
35910 35945 199
35918 35937 145
35944 35978 59
35972 36006 179
36001 36005 137
36029 36065 49
36058 36064 123
36084 36113 221
36114 36131 251
36141 36180 48
36142 36149 104
36153 36155 63
36161 36204 295
36174 36211 273
36177 36187 265
36192 36194 57
36208 36253 282
36225 36263 136
36245 36286 150
36261 36289 184
36266 36311 262
36269 36270 63
36281 36317 64
36311 36348 106
36320 36327 297
36345 36395 189
36355 36357 95
36357 36372 188
36373 36385 255
36376 36416 40
36389 36430 160
36407 36445 244
36421 36447 20
36439 36465 123
36458 36495 222
36485 36487 225
36507 36530 154
36527 36577 259
36553 36596 20
36563 36597 184
36576 36622 33
36580 36601 203
36590 36598 87
36608 36620 88
36611 36641 125
36638 36687 156
36652 36696 230
36664 36680 98
36679 36716 202
36706 36718 38
36708 36709 13
36736 36753 163
36739 36787 230
36757 36794 55
36781 36805 110
36807 36816 143
36836 36872 272
36858 36879 12
36882 36883 9
36912 36921 3
36926 36961 168
36948 36969 217
36974 36997 244
36979 37018 48
36980 36990 134
36994 37013 99
37023 37029 293
37049 37084 164
37052 37071 114
37068 37084 57
37091 37124 240
37094 37102 16
37095 37125 150
37118 37167 199
37147 37187 199
37176 37208 8
37185 37230 63
37215 37225 206
37231 37234 239
37256 37304 205
37279 37283 230
37287 37323 141
37291 37305 236
37320 37332 130
37321 37334 112
37331 37338 168
37339 37350 67
37368 37403 263
37368 37376 121
37396 37435 134
37398 37438 80
37416 37432 119
37434 37467 229
37449 37474 234
37457 37460 31
37482 37503 27
37486 37489 97
37486 37533 79
37507 37520 110
37526 37536 275
37552 37586 65
37573 37622 126
37592 37613 288
37602 37650 117
37616 37641 120
37634 37678 271
37640 37686 142
37667 37699 270
37694 37702 104
37706 37756 171
37718 37750 1
37739 37748 153
37760 37805 127
37760 37770 169
37780 37826 280
37803 37808 61
37807 37813 62
37814 37853 196
37828 37845 15
37850 37876 250
37858 37869 23
37866 37886 261
37875 37892 237
37905 37912 107
37931 37933 182
37932 37946 243
37947 37987 268
37973 38001 35
37991 38023 209
38010 38021 18
38022 38056 171
38042 38062 278
38058 38068 225
38059 38099 182
38082 38092 194
38104 38153 236
38118 38119 2
38143 38191 295
38152 38167 297
38171 38196 278
38194 38237 169
38219 38247 259
38232 38266 230
38237 38284 72
38245 38278 192
38270 38312 223
38271 38304 115
38289 38335 254
38315 38349 42
38319 38338 196
38323 38359 175
38349 38391 44
38349 38381 113
38359 38402 59
38372 38389 246
38386 38421 47
38413 38436 191
38425 38475 52
38443 38480 56
38468 38475 265
38470 38499 33
38499 38531 80
38521 38536 191
38547 38552 158
38566 38572 295
38580 38626 199
38593 38603 247
38595 38631 124
38606 38625 237
38633 38680 71
38655 38660 227
38683 38731 149
38700 38748 195
38722 38751 242
38748 38781 171
38761 38789 159
38769 38789 100
38795 38816 89
38797 38832 76
38818 38835 186
38829 38840 5
38847 38887 104
38853 38897 26
38871 38903 25
38876 38887 91
38889 38928 67
38904 38908 298
38923 38927 10
38940 38990 38
38946 38975 197
38964 38979 210
38980 38987 269
38996 39022 47
39021 39029 142
39041 39052 43
39055 39099 244
39057 39068 117
39064 39106 177
39072 39107 21
39090 39136 163
39120 39124 24
39137 39152 19
39145 39164 3
39162 39206 190
39184 39199 60
39184 39195 259
39209 39240 12
39212 39246 67
39225 39255 89
39240 39242 234
39251 39283 4
39262 39293 193
39267 39282 284
39286 39323 1
39315 39343 168
39343 39371 20
39349 39389 98
39372 39389 299
39384 39407 74
39398 39418 205
39407 39450 214
39425 39454 123
39435 39464 119
39461 39499 56
39471 39477 119
39499 39524 53
39520 39521 185
39522 39552 235
39532 39542 25
39562 39591 62
39572 39618 165
39577 39618 290
39586 39626 53
39602 39638 279
39607 39626 161
39612 39632 243
39621 39634 201
39622 39667 58
39636 39658 133
39655 39693 107
39680 39726 229
39708 39721 66
39716 39728 131
39725 39757 178
39737 39783 168
39756 39777 267
39763 39793 288
39791 39837 9
39796 39801 153
39805 39837 15
39835 39854 200
39845 39859 49
39845 39868 158
39846 39860 174
39857 39891 156
39866 39909 191
39881 39910 135
39897 39946 129
39923 39969 1
39924 39962 88
39941 39967 68
39942 39975 22
39959 39969 76
39987 39998 69
40014 40033 121
40039 40071 150
40039 40085 252
40064 40067 206
40076 40101 189
40084 40124 136
40113 40160 103
40116 40146 188
40129 40148 121
40135 40145 143
40153 40160 221
40179 40187 80
40209 40220 257
40211 40234 261
40212 40226 215
40220 40234 119
40235 40246 126
40261 40306 150
40281 40302 263
40287 40304 155
40288 40301 87
40299 40345 108
40320 40345 248
40330 40352 46
40354 40401 241
40366 40415 66
40367 40393 254
40378 40419 186
40393 40420 117
40420 40469 150
40432 40449 45
40447 40464 195
40469 40481 76
40487 40509 138
40511 40533 19
40514 40525 163
40539 40582 240
40551 40597 87
40566 40569 149
40578 40611 255
40583 40589 44
40592 40638 272
40609 40658 256
40611 40618 262
40623 40624 85
40628 40645 50
40644 40657 1
40644 40677 272
40668 40674 18
40680 40695 15
40693 40723 98
40722 40749 40
40733 40782 115
40741 40791 8
40744 40761 101
40757 40801 96
40773 40799 248
40798 40840 192
40820 40866 12
40837 40847 82
40853 40859 261
40881 40921 10
40884 40897 246
40905 40940 93
40934 40971 106
40955 40989 102
40957 40978 177
40970 40992 107
40985 41008 98
41001 41037 40
41020 41045 52
41021 41022 276
41033 41078 18
41055 41071 185
41077 41084 106
41102 41143 269
41113 41121 150
41129 41132 295
41132 41170 219
41160 41198 65
41180 41229 113
41195 41211 177
41224 41245 117
41245 41248 83
41272 41299 248
41284 41292 21
41286 41331 178
41289 41339 19
41316 41344 41
41346 41367 168
41371 41378 289
41383 41401 109
41388 41436 287
41388 41436 29
41416 41433 255
41438 41474 49
41455 41456 36
41462 41495 172
41474 41510 88
41495 41517 103
41498 41526 124
41501 41517 103
41524 41549 68
41538 41550 237
41562 41597 148
41563 41572 213
41572 41613 103
41576 41602 117
41604 41642 11
41606 41656 203
41626 41637 94
41648 41649 234
41649 41669 82
41666 41705 38
41680 41685 221
41687 41698 142
41711 41747 16
41730 41774 111
41751 41797 295
41769 41776 184
41773 41802 60
41783 41786 221
41796 41804 108
41808 41826 165
41833 41855 113
41863 41901 279
41891 41930 193
41906 41954 180
41932 41936 84
41937 41947 118
41949 41991 34
41972 42018 33
42001 42008 148
42017 42052 292
42040 42068 204
42045 42066 87
42070 42100 97
42072 42093 86
42093 42115 32
42097 42131 257
42115 42131 130
42119 42143 187
42121 42162 146
42137 42187 62
42150 42198 129
42162 42164 218
42189 42201 127
42194 42231 60
42218 42266 281
42237 42243 141
42249 42261 87
42277 42316 259
42280 42323 59
42285 42328 265
42285 42305 170
42288 42318 82
42295 42315 30
42295 42323 264
42295 42323 164
42306 42344 243
42331 42347 204
42336 42368 25
42346 42355 60
42366 42390 252
42391 42416 211
42417 42424 300
42446 42475 299
42469 42502 108
42471 42483 213
42489 42537 132
42493 42539 211
42501 42548 69
42509 42543 32
42514 42555 207
42518 42547 299
42538 42580 9
42555 42581 91
42583 42591 20
42583 42622 252
42596 42642 4
42606 42633 47
42615 42648 239
42633 42674 74
42637 42641 168
42640 42646 125
42670 42695 181
42680 42727 161
42695 42721 61
42719 42734 76
42740 42762 63
42751 42794 255
42757 42799 77
42770 42794 94
42794 42819 83
42814 42859 169
42823 42842 178
42846 42863 250
42875 42904 99
42905 42923 217
42923 42956 125
42926 42946 92
42936 42938 83
42966 43015 183
42982 43018 60
43004 43014 35
43021 43037 115
43028 43072 175
43057 43098 126
43061 43105 241
43062 43073 107
43082 43129 143
43093 43131 255
43093 43106 171
43113 43147 235
43119 43130 206
43149 43189 179
43171 43205 285
43185 43196 103
43199 43243 283
43222 43251 82
43226 43235 75
43231 43238 212
43233 43260 267
43237 43263 17
43239 43281 33
43240 43257 107
43252 43294 87
43268 43276 31
43286 43311 122
43308 43317 125
43337 43376 104
43345 43355 268
43355 43359 218
43376 43384 158
43392 43424 236
43406 43429 185
43433 43453 264
43444 43468 88
43446 43458 139
43460 43484 272
43479 43504 189
43508 43553 269
43537 43560 155
43546 43571 90
43563 43583 136
43576 43591 298
43594 43622 97
43594 43638 178
43610 43631 205
43621 43664 281
43650 43690 213
43673 43687 124
43685 43734 203
43703 43731 139
43725 43749 106
43742 43765 66
43752 43784 256
43757 43782 220
43763 43777 73
43777 43794 69
43799 43817 184
43802 43813 299
43829 43837 298
43844 43880 248
43859 43902 244
43881 43927 66
43886 43887 299
43912 43945 119
43917 43956 235
43938 43955 31
43957 43961 107
43975 43985 3
43997 44039 105
44025 44032 141
44044 44083 41
44050 44083 105
44079 44111 73
44082 44092 192
44082 44116 260
44088 44103 242
44096 44103 226
44110 44153 243
44138 44170 199
44167 44177 27
44183 44202 253
44189 44210 10
44201 44209 68
44216 44262 231
44234 44260 263
44235 44274 299
44248 44269 244
44261 44305 121
44284 44295 100
44311 44331 169
44311 44344 18
44327 44360 227
44348 44397 250
44370 44417 282
44388 44401 4
44406 44450 98
44424 44463 195
44452 44456 35
44458 44500 132
44487 44489 265
44512 44538 28
44540 44551 19
44545 44589 175
44552 44576 195
44570 44579 98
44594 44637 43
44616 44651 46
44628 44658 210
44631 44669 88
44655 44694 284
44673 44698 105
44675 44676 119
44679 44714 26
44694 44712 263
44706 44753 94
44719 44741 252
44744 44787 24
44762 44790 88
44762 44788 65
44792 44814 84
44797 44838 11
44804 44813 92
44822 44847 78
44848 44874 22
44872 44887 67
44881 44909 199
44890 44920 176
44894 44944 42
44908 44916 296
44921 44962 264
44949 44982 62
44957 44964 114
44979 45006 106
45005 45053 238
45020 45059 260
45024 45053 239
45027 45034 178
45046 45052 183
45070 45082 298
45088 45127 202
45102 45115 80
45110 45111 46
45114 45116 103
45129 45130 139
45130 45143 121
45132 45175 263
45154 45155 42
45168 45215 114
45177 45203 51
45193 45232 278
45220 45225 207
45225 45232 37
45249 45281 40
45279 45303 68
45307 45317 39
45319 45336 125
45334 45351 213
45337 45341 180
45363 45386 95
45386 45429 41
45406 45441 201
45419 45430 51
45422 45425 219
45437 45465 238
45446 45460 157
45465 45502 117
45468 45508 34
45469 45483 142
45473 45485 53
45483 45526 131
45488 45538 88
45494 45512 249
45508 45516 194
45511 45545 107
45511 45521 54
45530 45569 288
45544 45546 197
45573 45581 170
45586 45609 245
45609 45627 64
45634 45677 247
45653 45691 59
45671 45676 236
45685 45706 202
45695 45715 19
45712 45718 9
45733 45745 281
45752 45756 13
45762 45802 83
45782 45793 220
45794 45838 163
45802 45819 132
45832 45880 171
45853 45864 206
45883 45924 95
45898 45934 107
45899 45913 276
45913 45917 19
45928 45956 279
45931 45948 249
45956 45972 153
45971 46012 223
45980 46011 54
45982 46019 97
46004 46043 292
46022 46057 177
46041 46057 149
46047 46061 133
46053 46068 180
46054 46103 116
46076 46083 28
46093 46122 73
46121 46138 285
46137 46181 189
46141 46177 167
46151 46182 130
46160 46199 189
46187 46191 252
46194 46227 73
46201 46241 17
46212 46213 110
46228 46237 276
46234 46242 29
46258 46304 215
46258 46305 88
46286 46295 216
46315 46318 160
46317 46335 202
46344 46379 272
46350 46399 29
46357 46360 233
46369 46402 41
46375 46389 83
46376 46413 206
46380 46426 106
46390 46438 248
46406 46412 150
46431 46448 95
46457 46498 244
46471 46502 232
46473 46522 132
46482 46528 76
46493 46517 84
46503 46521 82
46507 46523 280
46522 46558 100
46532 46546 68
46533 46578 192
46562 46597 182
46563 46594 250
46564 46592 107
46575 46609 195
46604 46612 169
46634 46645 87
46643 46654 133
46668 46704 59
46685 46716 24
46710 46736 127
46719 46722 237
46727 46747 82
46729 46762 50
46732 46782 89
46747 46797 183
46754 46769 184
46779 46789 169
46798 46812 217
46817 46838 117
46824 46839 2
46829 46878 167
46834 46837 247
46845 46884 294
46855 46876 224
46877 46878 194
46887 46889 201
46915 46932 114
46935 46953 160
46937 46947 222
46941 46946 34
46944 46980 135
46957 46995 269
46979 46992 82
46985 47026 37
47004 47044 109
47020 47036 291
47043 47078 276
47061 47092 222
47081 47131 211
47091 47118 220
47115 47118 66
47120 47155 32
47139 47156 53
47150 47151 102
47158 47181 64
47170 47182 33
47191 47218 150
47218 47248 238
47225 47229 152
47254 47264 158
47256 47306 70
47284 47325 261
47305 47328 181
47310 47321 106
47314 47323 58
47323 47348 286
47352 47378 219
47371 47376 208
47374 47413 107
47401 47415 192
47416 47436 231
47434 47465 268
47458 47474 167
47462 47482 209
47473 47507 98
47500 47538 179
47511 47560 286
47536 47574 24
47553 47582 224
47563 47602 27
47589 47632 70
47598 47611 51
47624 47646 296
47651 47656 141
47655 47657 262
47684 47702 93
47695 47712 3
47699 47707 280
47727 47773 7
47742 47774 294
47761 47783 274
47773 47799 132
47798 47808 135
47820 47838 114
47839 47863 279
47854 47882 45
47861 47892 68
47883 47898 80
47909 47954 193
47938 47953 185
47938 47956 227
47950 47964 121
47953 47964 232
47956 48004 194
47959 47997 19
47960 47986 117
47988 48009 96
48006 48027 9
48026 48066 136
48048 48067 199
48053 48080 85
48055 48086 224
48081 48123 156
48097 48124 220
48126 48176 79
48154 48178 33
48172 48214 34
48181 48224 25
48194 48217 15
48208 48245 91
48235 48280 233
48258 48300 284
48280 48324 292
48304 48330 262
48317 48323 249
48331 48366 280
48335 48355 140
48349 48362 138
48355 48367 264
48360 48370 11
48372 48406 135
48402 48417 294
48410 48425 22
48412 48455 22
48442 48447 291
48442 48455 16
48460 48463 139
48461 48488 173
48485 48494 48
48505 48552 22
48507 48530 269
48508 48535 188
48536 48545 257
48551 48557 182
48578 48597 188
48590 48622 1
48592 48599 202
48593 48620 232
48605 48631 211
48627 48657 276
48640 48667 208
48651 48686 275
48670 48718 75
48690 48697 162
48715 48746 67
48724 48771 86
48742 48786 227
48752 48786 5
48782 48789 74
48808 48822 103
48820 48845 32
48827 48864 112
48835 48857 14
48864 48892 93
48885 48895 275
48888 48912 141
48892 48933 153
48893 48941 260
48895 48896 197
48895 48921 286
48924 48955 108
48936 48970 152
48942 48955 15
48970 49016 196
48970 49018 122
48970 49018 294
48984 49012 78
49009 49050 164
49036 49043 24
49039 49078 267
49060 49103 137
49075 49105 44
49099 49130 285
49114 49115 106
49118 49126 293
49139 49156 250
49157 49193 156
49178 49222 80
49208 49254 180
49237 49245 208
49249 49282 8
49250 49264 198
49280 49314 176
49302 49345 15
49315 49344 103
49335 49343 145
49363 49373 144
49371 49389 133
49398 49446 103
49426 49437 165
49432 49468 189
49442 49455 68
49462 49481 9
49471 49501 69
49484 49525 99
49512 49528 159
49539 49563 57
49546 49567 90
49563 49608 184
49563 49598 156
49564 49602 154
49580 49629 245
49581 49631 104
49596 49614 294
49623 49663 220
49653 49656 273
49654 49680 213
49678 49719 289
49701 49742 261
49712 49734 232
49723 49772 52
49732 49744 99
49749 49796 61
49778 49805 145
49780 49803 110
49797 49800 256
49819 49821 188
49842 49886 34
49857 49907 242
49869 49888 38
49873 49904 12
49887 49905 284
49915 49931 278
49944 49989 278
49969 50018 169
49975 49979 261
49996 50015 267
50010 50022 121
50011 50049 224
50030 50064 124
50059 50082 174
50071 50102 110
50090 50132 11
50090 50131 5
50098 50103 228
50127 50141 154
50149 50175 2
50161 50170 232
50172 50216 234
50183 50189 19
50190 50218 15
50190 50198 287
50192 50221 261
50198 50223 178
50211 50238 12
50216 50254 169
50232 50268 1
50247 50258 220
50261 50262 98
50270 50296 78
50275 50322 298
50302 50319 220
50321 50354 167
50321 50350 158
50323 50355 157
50333 50363 181
50348 50364 263
50352 50373 35
50373 50377 187
50373 50377 264
50378 50427 178
50393 50411 98
50418 50433 81
50420 50457 81
50436 50485 262
50442 50482 144
50461 50495 52
50490 50510 271
50504 50516 44
50517 50539 114
50534 50568 36
50547 50560 286
50548 50580 184
50557 50567 271
50576 50589 173
50578 50586 232
50596 50626 34
50614 50640 153
50629 50640 149
50656 50671 113
50679 50689 43
50683 50717 269
50704 50731 57
50708 50718 171
50721 50732 169
50749 50760 53
50753 50795 26
50782 50785 157
50802 50828 60
50817 50828 49
50835 50863 281
50860 50863 113
50865 50867 47
50877 50921 156
50878 50901 195
50906 50917 280
50916 50927 7
50925 50961 212
50950 50986 96
50958 50973 113
50958 50984 79
50970 51004 116
50991 50997 209
51007 51013 278
51009 51040 274
51031 51074 6
51043 51086 46
51052 51053 186
51053 51092 124
51074 51077 287
51094 51132 45
51114 51140 109
51136 51161 295
51149 51155 190
51167 51193 1
51169 51172 27
51184 51227 139
51187 51206 283
51201 51223 34
51204 51215 136
51234 51242 83
51237 51253 149
51237 51265 74
51252 51275 292
51273 51277 125
51285 51314 32
51308 51334 174
51323 51359 292
51328 51341 32
51357 51369 169
51368 51397 285
51395 51410 224
51415 51439 78
51416 51456 33
51445 51462 115
51450 51477 181
51470 51520 30
51480 51483 44
51490 51502 107
51508 51551 149
51510 51559 16
51525 51562 187
51538 51581 278
51561 51590 286
51567 51574 232
51578 51592 30
51607 51640 278
51620 51621 154
51647 51686 74
51674 51699 234
51683 51692 224
51696 51736 153
51703 51740 43
51710 51756 71
51730 51777 79
51738 51780 278
51768 51815 220
51794 51800 32
51803 51845 86
51806 51835 2
51807 51810 120
51834 51835 278
51853 51903 38
51869 51908 214
51886 51890 243
51913 51929 34
51928 51971 119
51942 51968 222
51968 51973 173
51996 52016 4
52022 52042 132
52038 52064 52
52046 52066 48
52061 52094 232
52073 52091 265
52097 52135 101
52121 52141 5
52145 52190 4
52175 52176 118
52189 52232 166
52189 52232 263
52189 52224 179
52201 52236 159
52229 52257 183
52237 52257 245
52257 52300 208
52274 52297 250
52274 52295 245
52301 52337 210
52301 52325 133
52330 52331 149
52357 52382 125
52370 52377 231
52393 52395 34
52418 52443 136
52439 52451 146
52468 52494 265
52484 52493 183
52487 52525 150
52507 52552 56
52512 52544 192
52512 52550 274
52536 52582 282
52542 52578 125
52550 52594 279
52570 52581 122
52579 52625 28
52588 52624 29
52597 52621 103
52599 52639 256
52610 52652 225
52617 52646 294
52646 52654 90
52671 52686 108
52698 52718 10
52709 52741 7
52716 52728 191
52727 52742 258
52753 52791 8
52754 52755 145
52774 52798 247
52780 52802 227
52795 52828 88
52819 52849 50
52835 52838 217
52853 52883 219
52875 52885 120
52881 52896 135
52893 52931 261
52907 52918 45
52937 52938 167
52955 52961 238
52968 52989 72
52974 52988 102
52976 53009 109
53005 53048 196
53021 53031 218
53034 53052 297
53063 53112 278
53088 53108 220
53103 53122 32
53112 53140 238
53121 53135 200
53127 53151 90
53149 53165 100
53169 53181 38
53173 53209 232
53175 53221 109
53196 53208 260
53211 53247 93
53228 53260 267
53236 53261 176
53244 53293 227
53244 53270 299
53246 53284 131
53254 53280 7
53265 53312 76
53266 53303 188
53278 53298 251
53287 53293 40
53295 53329 225
53297 53340 146
53312 53358 254
53329 53349 93
53336 53337 94
53338 53371 60
53352 53392 211
53365 53383 218
53380 53393 125
53393 53418 100
53412 53441 298
53422 53449 85
53431 53457 202
53445 53492 53
53458 53477 231
53473 53521 143
53492 53510 138
53512 53542 121
53523 53561 47
53534 53568 41
53540 53569 73
53561 53586 276
53570 53614 47
53600 53621 65
53606 53636 257
53620 53663 181
53634 53644 69
53634 53641 42
53639 53670 269
53663 53687 217
53665 53679 17
53682 53692 279
53698 53699 56
53720 53765 239
53746 53793 177
53746 53759 281
53772 53790 64
53785 53806 227
53812 53824 85
53837 53878 273
53847 53884 288
53862 53881 57
53863 53892 46
53892 53927 11
53907 53951 212
53934 53974 181
53937 53958 195
53952 53984 297
53956 53980 100
53972 53993 135
53972 54006 262
53987 54028 247
54004 54024 269
54012 54030 271
54013 54029 29
54020 54045 29
54030 54068 97
54049 54064 22
54049 54086 257
54056 54087 212
54077 54090 13
54099 54112 62
54107 54140 221
54112 54129 107
54128 54132 61
54148 54191 75
54155 54162 108
54182 54209 6
54184 54198 236
54201 54205 40
54217 54254 170
54217 54234 15
54245 54250 79
54274 54313 280
54303 54343 149
54312 54355 128
54316 54338 103
54317 54325 69
54340 54359 101
54360 54381 240
54389 54422 13
54406 54456 33
54422 54445 14
54423 54452 101
54436 54479 87
54438 54464 27
54448 54457 102
54464 54477 140
54476 54524 252
54493 54496 154
54502 54531 71
54512 54547 163
54526 54543 64
54556 54600 14
54583 54591 65
54608 54636 28
54638 54668 31
54662 54685 1
54684 54725 4
54687 54724 259
54705 54721 298
54714 54747 232
54734 54761 263
54734 54784 106
54743 54783 14
54761 54800 155
54787 54798 52
54796 54834 169
54817 54826 156
54839 54875 40
54850 54885 45
54879 54913 113
54893 54914 26
54912 54934 3
54926 54928 274
54945 54955 277
54953 54998 298
54953 54968 116
54977 55008 161
54984 54987 96
55002 55013 217
55024 55050 156
55041 55085 66
55042 55053 240
55057 55105 43
55058 55065 221
55064 55070 40
55079 55122 222
55099 55110 284
55126 55129 47
55137 55180 130
55154 55184 2
55161 55182 22
55188 55225 292
55193 55214 39
55220 55237 296
55247 55292 201
55267 55298 97
55278 55315 15
55285 55291 203
55309 55358 171
55319 55323 287
55330 55357 28
55332 55347 124
55345 55359 81
55348 55387 113
55350 55353 139
55353 55390 299
55383 55390 220
55398 55423 128
55400 55408 1
55412 55445 11
55427 55454 17
55427 55477 116
55453 55490 60
55453 55466 139
55481 55530 244
55490 55526 1
55513 55542 134
55520 55554 19
55531 55560 78
55552 55585 39
55582 55607 205
55598 55615 224
55617 55665 215
55644 55674 144
55644 55674 145
55664 55682 144
55685 55702 259
55708 55733 165
55720 55722 279
55743 55751 67
55758 55793 72
55766 55807 274
55792 55839 29
55802 55841 114
55832 55856 63
55835 55867 270
55851 55857 19
55855 55871 254
55861 55905 205
55867 55908 287
55886 55932 55
55901 55919 278
55922 55952 147
55931 55964 15
55933 55941 104
55955 55972 26
55977 55979 222
55994 55997 158
56005 56012 229
56017 56040 196
56034 56071 35
56037 56042 196
56046 56087 108
56068 56078 31
56089 56108 262
56103 56142 74
56108 56137 231
56128 56131 106
56149 56192 256
56160 56202 84
56188 56202 210
56191 56231 257
56197 56224 131
56198 56244 157
56216 56260 152
56219 56233 142
56248 56288 24
56277 56321 63
56303 56319 109
56314 56328 203
56335 56355 84
56361 56387 113
56378 56381 268
56398 56444 253
56412 56417 192
56414 56444 72
56442 56477 126
56454 56487 201
56456 56502 83
56475 56479 144
56496 56497 25
56505 56533 240
56520 56532 7
56534 56567 1
56545 56591 99
56553 56570 114
56559 56569 293
56568 56580 146
56591 56613 30
56614 56652 237
56625 56663 154
56653 56688 159
56670 56697 196
56673 56702 69
56681 56713 150
56688 56719 76
56703 56746 277
56733 56767 62
56741 56765 240
56763 56809 200
56791 56809 108
56800 56810 43
56828 56869 255
56836 56877 211
56843 56852 266
56856 56899 230
56859 56906 181
56866 56889 140
56878 56917 246
56882 56888 123
56892 56904 90
56892 56921 13
56894 56896 176
56923 56945 188
56947 56961 154
56977 56996 104
56981 57025 215
56986 57033 227
56999 57021 273
57027 57039 237
57053 57054 267
57055 57096 31
57060 57065 144
57085 57108 75
57097 57109 121
57111 57137 88
57121 57139 2
57121 57149 225
57149 57192 194
57163 57194 55
57167 57195 195
57185 57225 30
57188 57197 136
57200 57205 33
57223 57258 240
57233 57257 192
57251 57295 50
57276 57302 96
57279 57286 20
57287 57328 143
57287 57296 199
57294 57335 193
57314 57316 239
57322 57370 244
57337 57348 281
57360 57374 21
57369 57397 143
57394 57423 153
57406 57415 24
57428 57463 181
57434 57436 181
57452 57489 40
57453 57462 57
57460 57477 28
57468 57514 174
57492 57525 168
57498 57518 274
57511 57538 22
57515 57516 254
57541 57572 100
57568 57578 83
57582 57625 97
57600 57642 266
57601 57627 167
57618 57623 191
57628 57661 92
57632 57666 44
57646 57692 257
57647 57667 59
57649 57672 89
57657 57666 285
57679 57726 146
57709 57711 269
57709 57731 189
57727 57760 232
57752 57802 191
57757 57805 218
57757 57791 212
57759 57785 122
57765 57769 95
57772 57803 144
57777 57810 3
57795 57808 195
57798 57804 91
57802 57829 175
57816 57829 163
57829 57839 113
57834 57873 35
57863 57868 228
57877 57878 35
57903 57923 237
57922 57972 245
57923 57939 153
57949 57973 270
57955 57974 102
57975 57992 126
58003 58050 133
58012 58055 209
58016 58048 61
58034 58055 153
58053 58060 131
58069 58098 143
58071 58099 40
58096 58109 179
58109 58152 237
58131 58180 184
58135 58144 20
58147 58175 243
58150 58193 115
58163 58191 199
58190 58192 216
58207 58228 196
58233 58267 206
58247 58283 12
58250 58271 13
58279 58300 141
58287 58329 284
58294 58325 13
58297 58313 152
58308 58351 3
58333 58375 123
58351 58373 182
58369 58388 137
58391 58427 213
58391 58411 25
58395 58428 26
58406 58446 256
58424 58434 275
58429 58444 169
58437 58476 88
58439 58469 189
58449 58499 277
58476 58489 47
58477 58505 53
58485 58528 188
58497 58520 177
58499 58500 262
58506 58538 68
58518 58551 119
58532 58581 167
58532 58548 84
58541 58591 172
58550 58589 167
58562 58573 66
58573 58579 117
58592 58642 90
58600 58645 96
58607 58643 229
58619 58646 263
58620 58625 219
58628 58667 290
58638 58680 98
58647 58666 240
58657 58658 216
58686 58725 113
58687 58728 283
58709 58722 272
58728 58763 74
58748 58780 86
58756 58759 69
58786 58791 238
58811 58838 259
58839 58878 2
58846 58875 218
58858 58904 76
58864 58873 264
58868 58909 230
58890 58919 224
58900 58948 149
58928 58949 253
58932 58971 182
58934 58941 89
58945 58982 219
58967 59014 55
58995 59037 103
59000 59035 73
59024 59068 165
59033 59041 252
59059 59076 129
59063 59106 115
59071 59098 153
59075 59114 172
59104 59116 151
59126 59174 118
59127 59151 266
59128 59165 89
59143 59165 33
59154 59172 11
59174 59178 39
59177 59181 101
59187 59237 109
59204 59245 82
59216 59262 161
59221 59260 121
59239 59251 89
59269 59319 146
59291 59313 41
59318 59334 145
59331 59356 229
59340 59374 131
59345 59380 107
59366 59407 132
59378 59394 29
59385 59404 284
59411 59452 53
59416 59451 151
59416 59465 207
59441 59466 194
59453 59474 263
59476 59479 40
59486 59526 209
59494 59541 248
59509 59549 189
59516 59543 94
59534 59572 151
59542 59578 263
59559 59573 88
59559 59572 21
59582 59626 122
59598 59611 292
59608 59628 161
59610 59642 102
59615 59647 261
59616 59649 198
59621 59625 257
59644 59663 62
59654 59702 283
59657 59690 9
59673 59699 82
59700 59727 37
59721 59728 169
59722 59738 133
59748 59763 283
59755 59759 225
59762 59791 8
59767 59817 32
59778 59796 217
59807 59848 69
59810 59839 232
59818 59862 201
59832 59843 32
59844 59853 208
59847 59875 16
59847 59891 291
59859 59871 275
59873 59894 42
59879 59880 147
59900 59927 131
59912 59921 180
59939 59989 54
59946 59957 27
59972 60011 90
59980 59996 57
60007 60011 249
60007 60024 73
60030 60059 199
60057 60094 109
60058 60065 154
60068 60112 275
60068 60069 188
60088 60094 79
60111 60136 110
60117 60129 168
60143 60146 44
60164 60166 65
60170 60216 237
60179 60207 57
60180 60222 228
60187 60219 117
60215 60239 140
60237 60256 126
60248 60284 216
60270 60289 3
60273 60287 92
60275 60289 68
60284 60332 44
60302 60310 141
60309 60348 256
60317 60354 23
60328 60378 36
60349 60354 185
60377 60418 131
60404 60442 166
60405 60440 284
60429 60471 72
60432 60433 178
60439 60441 160
60442 60459 253
60472 60510 38
60488 60505 92
60514 60546 270
60516 60527 140
60519 60564 253
60528 60544 211
60533 60573 226
60555 60570 180
60565 60612 287
60592 60607 88
60615 60636 218
60625 60627 199
60632 60638 249
60652 60656 214
60666 60699 68
60673 60698 246
60675 60680 72
60679 60719 267
60707 60710 231
60721 60749 178
60751 60789 190
60758 60804 67
60761 60773 210
60776 60779 176
60789 60814 131
60803 60819 80
60826 60854 188
60834 60877 28
60845 60867 243
60875 60923 128
60896 60916 118
60921 60971 11
60924 60928 67
60937 60958 270
60958 61004 111
60974 61011 188
60985 61002 282
61003 61010 46
61012 61029 188
61027 61051 277
61054 61075 54
61076 61098 103
61104 61111 123
61128 61164 238
61156 61189 16
61160 61203 196
61184 61202 270
61200 61203 15
61210 61211 104
61212 61235 44
61221 61240 177
61230 61243 276
61257 61292 293
61283 61308 269
61299 61307 191
61318 61337 59
61332 61339 214
61354 61361 61
61372 61402 109
61401 61429 163
61406 61434 274
61419 61439 93
61449 61480 125
61460 61487 189
61472 61492 224
61493 61534 96
61516 61561 171
61529 61562 209
61547 61593 225
61560 61589 76
61589 61617 262
61593 61594 244
61598 61616 55
61624 61628 223
61633 61658 189
61652 61668 10
61664 61690 127
61675 61712 84
61705 61734 250
61732 61758 18
61751 61782 124
61774 61804 256
61794 61828 194
61812 61834 218
61835 61877 141
61853 61898 154
61879 61914 273
61879 61922 21
61887 61888 187
61891 61930 12
61918 61965 165
61941 61986 114
61941 61965 23
61962 61985 286
61992 62011 135
62017 62034 195
62026 62027 218
62028 62030 260
62056 62099 195
62068 62087 125
62087 62125 80
62116 62121 133
62142 62191 267
62154 62192 226
62176 62217 257
62193 62230 161
62213 62258 20
62225 62232 281
62236 62246 162
62260 62268 52
62265 62302 48
62289 62306 254
62289 62313 282
62299 62335 256
62317 62351 198
62341 62388 175
62357 62365 214
62383 62415 107
62407 62449 30
62429 62443 204
62451 62454 177
62454 62476 242
62474 62513 257
62490 62539 21
62513 62549 110
62515 62537 212
62533 62562 208
62545 62567 18
62568 62602 98
62568 62584 218
62587 62626 236
62594 62627 45
62607 62615 145
62626 62661 271
62647 62650 82
62653 62697 224
62678 62684 44
62684 62728 265
62714 62738 268
62737 62753 28
62765 62806 108
62781 62801 16
62807 62854 163
62821 62861 93
62821 62842 288
62839 62850 68
62863 62869 108
62874 62889 5
62887 62917 263
62915 62934 205
62917 62926 246
62933 62968 110
62943 62978 42
62954 62980 257
62975 62979 284
63003 63034 186
63026 63064 30
63032 63046 61
63038 63074 27
63048 63089 213
63068 63088 239
63084 63133 208
63101 63128 86
63108 63153 159
63111 63130 247
63116 63129 188
63139 63189 96
63162 63189 57
63167 63202 22
63191 63223 69
63208 63229 292
63228 63242 239
63253 63303 114
63262 63291 126
63264 63288 226
63281 63293 130
63308 63348 48
63338 63353 287
63359 63396 173
63366 63375 150
63383 63429 191
63399 63431 192
63406 63427 99
63416 63418 113
63442 63486 183
63458 63482 30
63480 63493 122
63491 63513 109
63520 63535 268
63550 63565 32
63575 63609 276
63576 63612 75
63593 63626 49
63611 63636 188
63615 63642 16
63643 63678 108
63654 63696 269
63672 63680 133
63682 63697 94
63698 63716 59
63712 63725 197
63732 63778 206
63762 63799 190
63776 63782 98
63802 63812 103
63804 63821 81
63820 63860 169
63821 63832 27
63849 63890 109
63853 63901 143
63863 63912 77
63875 63884 122
63889 63916 26
63917 63961 101
63936 63982 266
63957 63970 160
63958 63993 45
63986 64019 44
64001 64004 233
64004 64045 220
64032 64068 93
64042 64078 123
64051 64082 259
64075 64103 138
64081 64115 298
64081 64122 25
64093 64127 291
64110 64116 51
64133 64164 28
64161 64185 31
64175 64197 191
64204 64252 75
64229 64259 106
64253 64254 208
64276 64303 125
64294 64326 53
64294 64311 219
64314 64343 20
64335 64346 294
64340 64382 228
64349 64382 275
64365 64389 212
64379 64400 225
64397 64443 1
64413 64443 292
64415 64440 47
64440 64486 242
64446 64469 290
64463 64488 230
64489 64524 295
64497 64502 104
64524 64547 135
64543 64586 99
64554 64599 247
64582 64617 3
64596 64631 84
64610 64640 100
64629 64655 11
64645 64686 61
64653 64686 111
64655 64667 165
64655 64691 260
64663 64672 70
64692 64736 41
64710 64758 116
64727 64771 270
64743 64755 201
64763 64792 125
64785 64796 214
64805 64831 231
64819 64848 223
64840 64843 59
64868 64918 183
64886 64888 1
64902 64946 143
64920 64922 154
64945 64956 95
64963 64974 177
64989 65005 199
65016 65029 213
65016 65018 153
65039 65067 244
65056 65067 167
65076 65079 36
65076 65105 68
65101 65148 259
65122 65160 171
65128 65139 88
65135 65170 116
65138 65165 165
65168 65199 277
65198 65202 225
65213 65244 90
65230 65244 168
65233 65236 118
65251 65259 142
65269 65287 54
65294 65308 174
65299 65344 185
65327 65368 191
65338 65354 123
65344 65389 244
65366 65388 278
65389 65422 90
65416 65459 85
65439 65487 134
65459 65479 197
65489 65517 12
65495 65525 259
65508 65511 250
65521 65530 30
65540 65578 33
65570 65578 165
65579 65592 213
65602 65622 193
65622 65672 107
65650 65685 212
65671 65708 277
65688 65703 3
65717 65766 135
65730 65769 121
65736 65745 174
65746 65783 48
65767 65799 10
65795 65824 37
65823 65863 125
65837 65881 121
65858 65883 215
65877 65909 294
65906 65950 54
65933 65969 288
65961 66001 243
65984 65987 72
65996 66027 235
66004 66008 23
66028 66037 109
66044 66093 6
66072 66122 169
66072 66085 61
66098 66127 203
66102 66103 57
66131 66143 249
66150 66190 208
66178 66186 261
66197 66206 251
66214 66260 163
66229 66261 165
66253 66288 149
66257 66259 243
66280 66291 170
66305 66327 139
66328 66334 264
66347 66356 54
66364 66411 54
66394 66395 196
66417 66465 226
66441 66468 219
66443 66475 206
66463 66511 253
66476 66481 107
66480 66505 232
66491 66540 91
66495 66507 135
66521 66543 129
66544 66555 176
66568 66578 164
66573 66597 178
66588 66612 122
66588 66618 136
66615 66657 56
66616 66653 18
66616 66654 200
66626 66643 258
66644 66662 265
66668 66711 189
66677 66692 79
66681 66714 110
66686 66698 213
66693 66717 257
66706 66752 194
66735 66765 243
66745 66760 134
66747 66765 299
66769 66772 153
66776 66822 297
66792 66827 61
66806 66843 299
66816 66828 119
66844 66858 296
66874 66919 209
66897 66943 286
66925 66947 221
66952 66998 111
66954 66973 235
66983 67019 45
66992 66998 257
67002 67050 228
67013 67056 78
67017 67049 274
67029 67075 58
67035 67083 8
67045 67049 244
67048 67063 200
67069 67085 189
67083 67087 66
67090 67133 197
67104 67146 294
67115 67123 194
67131 67157 203
67144 67179 213
67149 67169 213
67154 67202 244
67178 67185 46
67187 67213 147
67196 67223 235
67203 67209 112
67204 67207 203
67224 67254 42
67240 67244 235
67257 67288 10
67266 67276 12
67291 67335 277
67300 67335 235
67329 67373 162
67344 67348 78
67361 67373 289
67378 67397 124
67401 67422 297
67415 67452 150
67428 67475 62
67456 67461 42
67468 67514 125
67497 67525 246
67515 67539 160
67527 67529 253
67531 67543 168
67542 67568 34
67569 67604 287
67573 67578 262
67602 67626 92
67602 67644 159
67621 67669 191
67651 67652 158
67655 67699 95
67682 67692 271
67701 67715 93
67708 67721 55
67726 67728 119
67730 67773 7
67731 67738 263
67740 67746 207
67748 67792 123
67755 67805 234
67766 67769 146
67782 67811 243
67783 67804 227
67797 67806 198
67805 67844 286
67827 67860 187
67840 67859 51
67856 67861 122
67860 67903 255
67885 67932 41
67887 67936 221
67912 67926 261
67923 67939 180
67950 67951 61
67966 68014 58
67973 67979 182
67999 68007 37
68029 68059 77
68037 68069 170
68042 68068 99
68046 68077 44
68049 68094 244
68053 68066 69
68083 68093 133
68107 68153 27
68112 68137 89
68142 68191 18
68162 68175 128
68186 68189 266
68187 68237 114
68201 68236 223
68214 68253 17
68232 68245 149
68237 68254 277
68241 68262 189
68263 68283 228
68284 68305 69
68287 68294 168
68294 68330 256
68312 68323 11
68336 68383 121
68340 68353 88
68351 68396 137
68370 68399 69
68370 68386 53
68390 68419 62
68405 68438 151
68426 68453 72
68434 68477 252
68464 68465 193
68478 68482 165
68494 68502 41
68495 68545 45
68500 68541 125
68518 68523 81
68547 68593 284
68549 68560 245
68572 68591 260
68591 68604 59
68621 68669 215
68642 68663 229
68644 68688 221
68656 68706 172
68683 68732 60
68713 68717 60
68738 68782 40
68741 68749 58
68766 68785 240
68792 68799 219
68805 68822 198
68826 68874 194
68827 68869 122
68845 68861 38
68867 68882 213
68887 68924 110
68911 68959 69
68927 68928 171
68938 68971 35
68950 68984 297
68956 68990 70
68958 69000 291
68975 69008 96
68975 68978 144
68986 69033 129
69000 69050 59
69001 69019 151
69031 69034 117
69052 69056 21
69065 69109 48
69079 69115 101
69104 69136 205
69112 69121 247
69137 69158 169
69160 69165 114
69183 69195 151
69211 69213 261
69241 69281 273
69258 69288 111
69280 69288 299
69293 69311 185
69303 69340 80
69307 69329 111
69316 69329 135
69318 69349 214
69331 69371 104
69347 69385 42
69356 69401 48
69375 69401 98
69401 69420 106
69426 69450 54
69452 69493 13
69481 69505 291
69485 69493 220
69494 69503 139
69523 69572 126
69551 69592 125
69576 69625 149
69605 69639 195
69607 69653 123
69627 69637 67
69639 69644 195
69665 69708 133
69674 69723 97
69674 69693 199
69695 69707 196
69700 69744 14
69703 69715 238
69706 69722 125
69713 69750 140
69726 69734 186
69752 69789 50
69775 69819 122
69791 69814 130
69797 69830 9
69807 69829 237
69832 69850 147
69848 69875 211
69870 69893 108
69899 69911 8
69909 69936 245
69928 69961 270
69929 69939 10
69958 69964 206
69972 69996 224
69988 70007 88
70015 70017 154
70021 70034 272
70031 70043 73
70051 70074 52
70072 70075 209
70077 70115 176
70085 70099 250
70107 70133 2
70125 70158 296
70129 70169 19
70141 70156 75
70152 70159 235
70166 70186 18
70182 70218 97
70206 70232 13
70209 70256 187
70233 70281 168
70260 70297 184
70274 70287 18
70287 70318 285
70309 70325 124
70338 70342 117
70368 70380 104
70369 70405 235
70383 70418 186
70413 70453 261
70441 70442 218
70451 70488 200
70472 70499 185
70495 70511 41
70499 70526 91
70504 70513 100
70534 70553 183
70548 70554 291
70553 70591 55
70561 70581 236
70590 70605 99
70620 70657 256
70624 70667 41
70639 70675 48
70641 70687 148
70671 70714 236
70687 70713 141
70693 70695 63
70706 70716 37
70718 70722 237
70745 70794 241
70747 70774 6
70751 70770 58
70770 70778 151
70770 70772 78
70793 70814 252
70809 70815 296
70824 70868 2
70848 70875 39
70867 70885 283
70867 70875 212
70896 70898 142
70904 70911 174
70917 70920 196
70935 70979 94
70957 70963 225
70974 71007 9
70980 71006 201
71005 71035 5
71006 71055 277
71028 71058 109
71058 71086 41
71082 71095 238
71108 71155 234
71118 71142 201
71141 71168 4
71170 71177 28
71199 71245 235
71207 71243 31
71229 71274 231
71246 71294 252
71267 71310 186
71285 71295 33
71298 71307 152
71323 71336 214
71348 71376 276
71369 71396 22
71371 71377 17
71398 71444 185
71402 71403 47
71423 71431 100
71428 71441 194
71458 71467 8
71486 71531 193
71486 71533 11
71489 71527 215
71500 71544 107
71510 71511 125
71516 71552 236
71522 71544 161
71546 71590 6
71559 71581 153
71589 71635 143
71601 71616 159
71623 71665 59
71623 71633 220
71625 71660 248
71642 71676 42
71642 71654 140
71654 71700 101
71679 71682 116
71707 71748 21
71714 71742 10
71728 71767 225
71734 71778 50
71737 71745 231
71744 71772 157
71753 71756 239
71768 71772 37
71771 71820 32
71791 71798 153
71794 71830 278
71794 71818 55
71802 71804 185
71831 71858 100
71858 71893 292
71882 71907 2
71901 71936 49
71903 71910 288
71903 71915 244
71908 71921 40
71927 71963 6
71931 71955 270
71935 71967 144
71940 71961 194
71952 71974 124
71972 71992 291
71986 71996 26
72014 72045 78
72037 72055 26
72061 72088 199
72061 72107 188
72083 72127 133
72094 72125 57
72102 72118 237
72132 72162 169
72146 72177 278
72165 72206 175
72183 72199 185
72213 72250 247
72222 72235 212
72240 72270 226
72254 72304 64
72269 72314 188
72294 72303 227
72308 72338 210
72331 72379 116
72334 72355 23
72363 72395 3
72372 72399 112
72397 72423 236
72412 72450 135
72428 72442 140
72443 72491 264
72471 72477 36
72473 72508 171
72494 72505 247
72508 72532 244
72519 72567 144
72543 72565 249
72557 72584 144
72580 72594 293
72585 72619 184
72595 72596 189
72613 72651 15
72618 72662 163
72636 72686 81
72636 72681 147
72644 72669 139
72657 72660 24
72685 72695 116
72709 72755 90
72713 72718 149
72725 72769 150
72746 72747 56
72771 72807 11
72794 72839 217
72812 72839 241
72826 72831 221
72855 72865 100
72858 72880 87
72860 72889 176
72864 72895 151
72880 72889 160
72909 72932 191
72922 72923 71
72937 72959 138
72959 72994 269
72988 73012 176
72992 73032 279
73007 73039 28
73030 73066 65
73031 73073 114
73042 73077 121
73045 73046 44
73062 73089 260
73086 73103 299
73095 73128 235
73099 73126 187
73119 73160 154
73126 73140 19
73152 73198 254
73179 73228 237
73191 73239 120
73220 73267 103
73245 73251 11
73257 73300 71
73279 73287 94
73302 73343 82
73322 73346 176
73328 73350 216
73339 73362 178
73367 73371 246
73388 73407 252
73389 73413 106
73414 73459 90
73432 73465 151
73443 73465 216
73472 73492 162
73486 73526 177
73504 73534 118
73514 73534 153
73522 73549 117
73525 73530 142
73545 73595 91
73546 73591 286
73571 73621 240
73581 73610 63
73582 73594 289
73607 73642 96
73621 73651 193
73629 73642 283
73632 73633 184
73656 73665 29
73660 73684 14
73677 73720 279
73706 73737 32
73731 73760 225
73736 73784 71
73754 73758 151
73774 73796 160
73783 73822 99
73795 73831 160
73819 73839 38
73829 73843 246
73838 73869 262
73851 73871 211
73868 73870 72
73896 73902 205
73899 73930 172
73919 73963 10
73946 73949 233
73965 73992 22
73973 74016 112
73973 73977 285
73981 74029 190
73993 74024 145
74006 74040 60
74023 74055 182
74038 74076 46
74054 74077 70
74079 74111 53
74079 74084 291
74103 74120 96
74120 74136 265
74135 74178 28
74157 74194 45
74169 74190 12
74193 74202 215
74219 74233 289
74242 74289 51
74271 74285 40
74276 74304 5
74283 74312 238
74305 74335 126
74310 74325 149
74324 74335 105
74352 74378 59
74369 74381 282
74389 74427 172
74404 74427 280
74424 74459 17
74448 74453 283
74470 74503 72
74475 74497 203
74497 74522 241
74502 74505 54
74506 74528 259
74507 74556 189
74535 74560 5
74548 74594 249
74573 74582 44
74577 74581 243
74594 74630 143
