1000
28 77 238
58 72 275
81 109 171
105 108 172
114 118 131
119 150 208
135 175 268
150 176 159
178 196 4
179 205 282
204 244 251
212 243 29
241 254 155
260 287 263
265 297 55
281 296 47
304 328 291
314 319 192
325 362 49
343 367 17
355 362 249
369 371 276
370 390 152
384 400 210
410 456 62
440 488 194
466 483 146
480 519 59
507 553 155
513 556 160
514 555 264
533 568 286
563 571 273
578 586 87
589 598 64
607 623 252
612 640 16
624 663 119
644 648 1
658 699 300
670 698 136
688 731 233
709 729 129
739 774 115
750 764 18
761 795 33
774 780 105
799 804 245
827 833 20
827 859 173
827 833 133
835 871 173
841 843 239
870 889 204
892 926 256
900 910 297
901 904 32
929 941 78
946 989 194
952 997 46
967 1003 245
977 995 198
1005 1049 160
1017 1067 6
1037 1084 190
1066 1067 164
1075 1110 196
1095 1103 205
1108 1120 267
1115 1140 147
1121 1162 275
1127 1155 88
1127 1177 299
1128 1150 125
1152 1170 143
1165 1198 102
1167 1169 10
1173 1205 233
1199 1221 136
1229 1233 271
1239 1245 218
1261 1299 269
1266 1303 83
1296 1321 56
1321 1346 68
1321 1356 91
1323 1353 113
1350 1361 38
1355 1395 22
1363 1386 122
1373 1378 280
1374 1414 133
1385 1416 259
1387 1420 126
1391 1424 120
1413 1463 102
1419 1468 97
1441 1443 196
1463 1468 141
1480 1513 141
1481 1493 150
1507 1536 36
1530 1557 215
1545 1583 109
1550 1554 88
1550 1580 164
1580 1594 180
1594 1628 30
1617 1643 183
1620 1655 222
1649 1679 49
1659 1707 256
1689 1709 111
1709 1726 146
1723 1726 20
1724 1754 182
1752 1789 179
1753 1755 105
1776 1803 195
1804 1844 103
1817 1820 53
1831 1839 14
1833 1855 273
1839 1862 148
1840 1864 149
1869 1891 159
1898 1931 259
1911 1946 42
1918 1964 55
1919 1957 292
1944 1974 225
1951 1994 284
1952 1958 224
1974 2007 287
1976 1996 69
1985 1991 194
2009 2054 209
2013 2063 149
2041 2082 225
2066 2103 196
2096 2139 40
2124 2142 275
2135 2154 205
2144 2153 77
2152 2199 269
2165 2179 118
2180 2206 139
2187 2212 213
2196 2215 156
2217 2240 119
2237 2287 233
2240 2270 121
2245 2246 96
2247 2269 244
2261 2298 85
2273 2317 282
2278 2313 151
2297 2306 97
2298 2339 120
2315 2325 7
2320 2341 178
2350 2382 29
2373 2379 228
2378 2426 184
2407 2456 230
2411 2460 92
2413 2447 60
2414 2440 128
2441 2475 43
2456 2459 151
2477 2524 239
2495 2525 137
2515 2541 223
2534 2537 176
2556 2578 95
2574 2622 151
2595 2602 228
2625 2639 140
2654 2661 284
2675 2722 66
2703 2721 68
2718 2755 127
2734 2766 214
2760 2778 230
2772 2817 161
2782 2794 19
2810 2834 11
2840 2859 20
2847 2863 276
2862 2885 131
2872 2917 53
2898 2900 260
2905 2917 20
2923 2949 211
2946 2984 224
2953 2975 79
2962 3008 89
2972 3003 228
2992 3012 132
2998 3034 238
3012 3019 89
3038 3076 51
3055 3102 182
3063 3113 79
3089 3132 67
3109 3154 227
3116 3143 116
3132 3178 17
3133 3138 32
3133 3165 100
3138 3148 2
3138 3183 160
3153 3192 52
3183 3221 264
3210 3218 72
3239 3282 284
3242 3276 171
3265 3274 246
3280 3318 84
3299 3342 80
3311 3336 249
3340 3387 146
3351 3359 136
3381 3384 79
3407 3424 146
3427 3474 234
3442 3490 60
3459 3464 147
3468 3512 161
3490 3512 169
3518 3543 76
3546 3590 115
3560 3572 148
3565 3569 128
3572 3606 172
3583 3614 59
3597 3632 111
3627 3647 122
3645 3658 209
3649 3699 262
3657 3683 141
3659 3709 61
3680 3712 283
3684 3723 230
3714 3761 284
3740 3759 114
3761 3793 275
3766 3779 248
3782 3828 248
3784 3789 93
3794 3828 251
3805 3835 242
3807 3840 233
3826 3837 28
3836 3840 141
3864 3868 28
3873 3877 61
3890 3935 171
3913 3956 103
3917 3937 60
3929 3939 250
3935 3984 170
3942 3992 199
3971 4011 214
3999 4010 13
4022 4059 233
4036 4055 202
4042 4076 37
4061 4080 61
4090 4105 228
4111 4147 226
4141 4162 25
4161 4204 12
4167 4210 246
4169 4181 24
4174 4205 255
4182 4211 204
4183 4216 172
4197 4214 212
4227 4239 226
4241 4251 107
4255 4258 14
4268 4277 91
4273 4302 186
4298 4331 60
4306 4355 87
4319 4358 154
4322 4369 245
4348 4388 8
4373 4423 72
4401 4424 192
4427 4475 90
4451 4483 13
4474 4503 21
4489 4497 203
4511 4517 258
4531 4538 13
4533 4570 245
4549 4597 157
4560 4575 27
4576 4606 251
4590 4627 267
4590 4608 230
4594 4595 62
4605 4621 20
4613 4663 35
4619 4637 184
4636 4646 182
4644 4678 146
4656 4687 200
4667 4694 10
4674 4715 292
4700 4743 110
4727 4756 95
4741 4746 87
4767 4793 8
4797 4823 232
4823 4846 289
4841 4884 181
4849 4873 46
4877 4890 104
4907 4957 23
4919 4950 275
4921 4957 215
4944 4953 88
4960 5001 80
4981 4991 75
5011 5057 93
5039 5061 61
5047 5082 16
5071 5111 193
5091 5132 251
5098 5104 254
5117 5155 21
5141 5163 233
5161 5172 244
5180 5229 33
5201 5206 169
5210 5239 130
5222 5247 126
5224 5235 145
5232 5271 151
5233 5245 28
5241 5283 57
5256 5260 157
5257 5304 174
5260 5274 20
5276 5309 19
5298 5338 29
5321 5352 255
5349 5392 121
5377 5379 228
5385 5405 8
5403 5421 185
5410 5450 164
5415 5461 214
5439 5441 152
5462 5492 13
5490 5531 112
5502 5536 30
5507 5520 285
5537 5576 119
5548 5549 238
5554 5592 37
5581 5618 108
5594 5599 294
5610 5637 251
5640 5686 28
5664 5700 185
5665 5701 129
5665 5714 108
5684 5709 177
5688 5704 281
5711 5727 197
5730 5766 45
5752 5768 81
5753 5757 54
5758 5779 24
5783 5784 226
5789 5813 279
5799 5828 17
5824 5870 128
5846 5879 81
5872 5900 97
5874 5895 43
5885 5913 132
5899 5920 266
5917 5946 192
5917 5945 5
5947 5976 99
5964 5989 196
5978 5991 232
5986 6006 99
6014 6021 193
6036 6077 10
6049 6069 245
6069 6108 280
6086 6112 150
6098 6135 69
6113 6115 175
6142 6154 259
6159 6202 238
6174 6222 262
6181 6189 100
6209 6255 172
6232 6248 48
6241 6283 270
6243 6292 81
6249 6274 294
6254 6278 283
6261 6290 116
6266 6280 188
6280 6323 201
6298 6344 7
6324 6358 245
6324 6343 258
6344 6371 113
6353 6385 183
6383 6402 46
6402 6432 47
6419 6468 130
6430 6441 102
6443 6448 238
6449 6462 271
6460 6505 60
6462 6472 91
6483 6490 241
6488 6511 175
6492 6533 282
6506 6530 13
6533 6542 153
6538 6558 23
6565 6596 229
6565 6587 33
6582 6614 111
6597 6612 295
6627 6655 6
6642 6677 44
6645 6658 143
6655 6678 178
6669 6704 122
6698 6702 148
6710 6731 140
6716 6749 157
6739 6746 122
6750 6783 280
6766 6801 112
6785 6812 271
6810 6860 109
6831 6838 86
6833 6847 130
6857 6905 142
6882 6901 149
6905 6934 271
6917 6921 137
6942 6964 81
6952 6954 205
6964 6981 88
6979 6980 57
6994 6996 209
6994 7021 69
7023 7025 7
7040 7065 176
7041 7057 282
7060 7103 91
7067 7072 280
7068 7118 258
7083 7122 105
7084 7132 286
7086 7128 142
7115 7137 79
7117 7122 114
7129 7137 53
7149 7181 157
7176 7203 9
7200 7218 56
7204 7243 110
7205 7238 291
7214 7263 132
7228 7250 297
7245 7263 163
7257 7285 96
7275 7281 291
7275 7284 68
7281 7330 249
7303 7332 157
7328 7346 19
7350 7390 144
7380 7424 219
7407 7412 164
7420 7428 62
7432 7442 10
7461 7470 58
7474 7519 248
7476 7484 142
7496 7536 185
7521 7531 72
7531 7534 147
7539 7574 264
7568 7575 4
7583 7611 20
7595 7622 246
7623 7670 26
7634 7678 158
7642 7648 187
7663 7668 59
7670 7713 215
7684 7730 191
7701 7715 43
7705 7739 20
7723 7761 69
7724 7747 68
7728 7750 263
7753 7767 161
7776 7802 266
7776 7795 209
7785 7796 237
7797 7800 137
7822 7842 11
7850 7854 129
7862 7898 82
7891 7940 222
7921 7964 204
7944 7989 88
7953 7971 138
7962 7982 175
7976 7989 202
7991 8015 51
8000 8025 10
8000 8024 11
8011 8052 299
8032 8043 242
8038 8088 285
8047 8072 297
8048 8098 54
8052 8053 96
8068 8082 254
8094 8130 107
8099 8128 204
8117 8147 120
8146 8178 44
8164 8169 46
8169 8174 74
8186 8227 140
8197 8226 198
8208 8223 282
8229 8235 43
8236 8268 281
8255 8257 39
8266 8315 290
8281 8327 127
8291 8303 257
8311 8313 145
8321 8364 23
8331 8352 149
8340 8359 219
8369 8386 123
8379 8426 30
8381 8415 186
8405 8422 40
8412 8430 300
8441 8480 122
8454 8480 199
8481 8518 211
8507 8515 127
8529 8547 137
8544 8563 268
8566 8597 177
8572 8595 93
8583 8590 113
8584 8595 161
8612 8631 118
8621 8637 139
8623 8630 102
8644 8687 79
8655 8667 220
8681 8695 108
8709 8744 262
8709 8720 54
8734 8774 162
8763 8774 176
8780 8828 218
8796 8815 241
8824 8869 229
8829 8849 129
8836 8871 103
8858 8906 235
8874 8891 76
8874 8903 82
8878 8892 206
8885 8889 211
8896 8898 220
8922 8971 91
8926 8966 264
8938 8967 197
8956 9001 42
8977 8987 129
8988 9013 200
8995 9032 139
9006 9028 161
9019 9069 87
9035 9072 4
9045 9053 187
9047 9068 129
9058 9073 74
9064 9068 196
9092 9116 262
9119 9141 257
9133 9182 20
9151 9178 192
9170 9180 113
9174 9193 272
9187 9233 17
9192 9233 141
9193 9242 190
9198 9245 259
9207 9222 10
9219 9250 3
9234 9243 162
9251 9272 132
9271 9313 1
9295 9317 273
9306 9348 59
9333 9365 231
9335 9359 273
9349 9361 117
9365 9369 67
9383 9429 140
9413 9434 153
9423 9463 23
9427 9447 121
9451 9458 299
9481 9529 78
9495 9520 99
9495 9523 195
9500 9546 73
9515 9526 226
9542 9549 244
9547 9578 78
9563 9598 162
9591 9624 182
9601 9620 214
9609 9646 261
9612 9652 5
9635 9656 69
9665 9676 93
9673 9711 185
9674 9677 96
9677 9704 279
9680 9702 251
9694 9698 139
9716 9756 228
9734 9758 178
9750 9794 236
9752 9778 83
9774 9792 124
9795 9843 159
9813 9821 207
9835 9867 156
9856 9891 217
9876 9909 69
9882 9895 228
9893 9896 245
9900 9950 234
9911 9941 7
9935 9958 47
9938 9950 205
9955 9973 299
9980 10007 267
9989 9998 116
9990 10004 151
10019 10051 42
10043 10066 153
10071 10112 261
10075 10118 104
10083 10130 102
10113 10125 218
10123 10133 163
10129 10165 148
10143 10183 86
10147 10193 172
10160 10194 149
10169 10191 137
10188 10218 201
10190 10204 112
10211 10215 52
10221 10226 175
10224 10254 299
10254 10278 15
10278 10305 258
10295 10304 286
10305 10309 91
10324 10358 230
10339 10372 239
10351 10401 175
10368 10377 200
10375 10396 24
10405 10446 166
10421 10424 282
10424 10432 134
10444 10455 50
10453 10494 184
10458 10462 1
10484 10526 178
10488 10511 187
10504 10543 256
10518 10540 7
10546 10594 283
10569 10608 262
10575 10595 214
10598 10608 125
10608 10629 6
10612 10619 119
10623 10657 90
10643 10652 292
10662 10703 166
10665 10708 94
10674 10721 158
10700 10738 163
10716 10739 230
10738 10777 66
10742 10757 56
10767 10785 28
10783 10793 53
10784 10796 84
10813 10825 182
10837 10874 83
10838 10876 63
10851 10896 40
10866 10888 219
10867 10875 48
10893 10898 143
10922 10936 18
10944 10978 147
10950 10961 116
10955 10981 168
10966 10973 109
10969 10984 282
10978 10987 45
10982 10984 61
10986 10996 102
10995 11018 266
11008 11040 222
11033 11078 160
11060 11081 205
11072 11087 247
11085 11094 180
11093 11113 223
11119 11126 261
11142 11171 197
11154 11198 140
11173 11180 246
11181 11195 216
11194 11208 282
11207 11215 42
11227 11237 145
11249 11275 39
11257 11269 103
11271 11319 133
11274 11309 94
11297 11344 216
11313 11337 185
11322 11355 135
11334 11341 264
11346 11388 19
11357 11386 52
11386 11391 104
11416 11462 105
11438 11455 69
11464 11481 238
11469 11476 75
11489 11511 257
11501 11550 111
11522 11529 248
11546 11596 277
11571 11602 76
11597 11621 133
11625 11643 231
11636 11637 286
11657 11707 85
11676 11691 238
11682 11702 285
11702 11733 86
11706 11745 293
11716 11747 263
11723 11736 215
11737 11754 21
11748 11754 101
11760 11766 102
11789 11826 192
11796 11827 74
11804 11836 286
11817 11826 258
11835 11865 4
11840 11865 161
11865 11867 69
11884 11932 107
11911 11915 175
11918 11937 17
11923 11970 244
11930 11938 244
11958 12001 116
11970 11974 78
11982 12008 297
12000 12014 63
12020 12065 54
12044 12071 29
12047 12068 224
12053 12066 85
12062 12088 102
12062 12106 49
12063 12073 46
12076 12113 232
12084 12108 187
12091 12104 143
12108 12114 67
12129 12148 70
12131 12147 40
12161 12178 207
12182 12210 219
12200 12246 166
12205 12222 137
12216 12225 158
12231 12257 217
12245 12257 161
12267 12278 191
12277 12323 195
12284 12293 200
12295 12330 206
12304 12320 72
12323 12340 278
12326 12342 189
12333 12362 217
12345 12375 31
12346 12357 263
12359 12362 63
12369 12374 167
12388 12436 139
12417 12437 279
12422 12446 150
12438 12474 261
12439 12469 96
12458 12467 120
12474 12517 165
12490 12518 157
12500 12516 127
12503 12504 132
12523 12566 185
12551 12590 269
12557 12588 208
12576 12585 214
12596 12623 89
12599 12649 79
12615 12645 271
12641 12652 210
12660 12688 289
12674 12680 255
12674 12691 108
12696 12709 30
12723 12742 294
12744 12776 31
12749 12788 164
12757 12784 181
12767 12815 117
12772 12810 32
12802 12803 55
12817 12860 101
12819 12826 94
12838 12842 162
12859 12907 21
12874 12904 13
12894 12916 156
12910 12938 227
12933 12968 102
12946 12963 54
12965 12970 10
12966 13009 267
12987 12993 231
12995 13026 298
13005 13023 110
13034 13060 270
13048 13077 183
13069 13118 112
13073 13076 59
13095 13096 182
13108 13142 111
13126 13146 59
13137 13164 33
13156 13175 131
13175 13193 295
13180 13181 168
13192 13240 256
13212 13221 157
13231 13234 51
13241 13248 141
13249 13294 172
13270 13287 24
13281 13316 298
13281 13308 90
13289 13326 28
13317 13336 129
13320 13364 40
13322 13323 266
13348 13374 213
13370 13399 39
13383 13433 91
13409 13444 282
13425 13429 281
13455 13496 234
13455 13480 176
13465 13503 230
13470 13502 160
13497 13502 196
13507 13530 147
13514 13546 5
13526 13549 83
13528 13531 24
13554 13591 140
13568 13591 276
13584 13611 241
13608 13641 18
13630 13635 278
13637 13680 122
13637 13670 201
13639 13685 203
13643 13670 297
13644 13656 293
13668 13711 155
13674 13692 168
13695 13743 295
13720 13753 41
13728 13741 167
13745 13756 277
13768 13769 240
13787 13789 245
13807 13824 23
13811 13830 234
13812 13826 20
13842 13871 237
13845 13882 143
13853 13899 136
13869 13914 262
13869 13898 159
13893 13934 255
13906 13939 18
13907 13916 192
13916 13929 299
13916 13942 97
13917 13926 284
13933 13942 62
13962 14001 156
13977 13982 299
13996 14025 18
14013 14061 49
14021 14030 154
14022 14066 36
14045 14067 3
14062 14070 174
14076 14115 64
14076 14085 275
14088 14106 11
14099 14109 132
14115 14145 300
14125 14136 65
14134 14156 19
14144 14184 19
14146 14186 249
14164 14212 15
14194 14222 223
14214 14235 243
14229 14247 96
14231 14244 59
14243 14254 186
14269 14295 110
14277 14304 184
14281 14317 184
14293 14298 249
14306 14349 115
14325 14363 233
14343 14383 72
14349 14384 280
14368 14387 130
14373 14391 83
14401 14448 279
14426 14432 159
14439 14460 30
14439 14447 98
14461 14493 130
14475 14506 218
14482 14517 265
14495 14520 263
14508 14536 182
14530 14568 128
14537 14579 61
14566 14588 199
14575 14588 66
14594 14602 300
14604 14633 125
14610 14655 250
14635 14661 119
