1000
1 33 37
25 71 62
31 81 297
39 49 92
52 67 225
81 94 159
98 131 138
105 148 192
123 170 49
133 163 98
153 189 113
177 215 218
200 244 245
211 218 150
218 252 75
247 252 143
263 291 17
273 286 111
298 319 289
303 353 87
332 369 66
337 350 112
346 350 20
352 353 265
354 399 120
360 365 293
388 398 43
399 440 166
403 422 191
423 426 117
437 452 167
440 466 247
444 486 142
444 457 65
460 484 134
471 478 16
471 488 28
492 530 275
518 552 125
522 533 105
546 566 115
559 581 176
584 615 32
591 620 217
617 638 248
647 687 39
650 679 75
664 673 207
669 686 300
694 715 247
698 714 168
710 756 297
724 746 96
752 757 293
777 799 235
795 838 3
809 842 229
835 838 29
854 869 97
883 911 107
891 919 4
894 934 230
898 937 8
926 973 296
951 994 185
962 999 70
977 980 215
1007 1035 4
1018 1029 128
1041 1052 39
1067 1115 188
1084 1123 75
1090 1121 259
1103 1144 85
1116 1153 278
1139 1168 292
1161 1199 171
1164 1168 262
1170 1181 4
1181 1224 289
1199 1245 115
1201 1230 86
1231 1251 296
1255 1303 212
1282 1290 59
1301 1313 62
1325 1345 279
1325 1332 40
1344 1351 56
1370 1379 293
1394 1438 167
1420 1462 209
1441 1451 68
1443 1452 233
1450 1474 117
1455 1486 161
1463 1512 244
1467 1477 190
1468 1502 168
1488 1538 160
1507 1528 187
1519 1550 254
1533 1563 183
1558 1598 225
1562 1573 102
1591 1627 72
1603 1638 2
1606 1655 208
1611 1624 36
1640 1645 125
1650 1662 286
1657 1663 164
1662 1692 224
1670 1718 286
1682 1702 132
1700 1724 174
1720 1723 49
1723 1754 99
1732 1779 91
1756 1770 299
1772 1811 291
1796 1809 255
1805 1837 91
1815 1838 191
1828 1869 23
1848 1864 255
1857 1858 10
1875 1916 28
1879 1905 26
1885 1893 136
1890 1909 216
1900 1921 164
1919 1940 131
1921 1924 125
1923 1943 106
1935 1936 114
1938 1967 119
1968 2015 107
1990 2028 16
1996 2028 162
2013 2034 231
2020 2031 287
2027 2046 227
2054 2069 6
2072 2077 167
2088 2098 156
2102 2103 40
2120 2124 169
2140 2143 186
2154 2183 236
2162 2168 179
2190 2200 90
2195 2226 266
2213 2243 205
2227 2261 121
2252 2268 190
2267 2279 35
2267 2284 14
2291 2326 231
2291 2293 91
2310 2325 22
2338 2355 9
2345 2347 299
2362 2393 143
2377 2402 211
2398 2421 75
2402 2405 98
2427 2452 132
2427 2455 270
2433 2442 300
2460 2502 286
2479 2518 151
2492 2506 95
2511 2544 219
2526 2550 45
2539 2555 156
2562 2564 187
2571 2603 115
2576 2620 238
2580 2608 143
2583 2611 71
2593 2622 269
2594 2621 56
2624 2656 145
2641 2651 282
2665 2698 231
2682 2686 193
2692 2715 102
2713 2722 36
2725 2748 134
2740 2767 65
2760 2799 182
2761 2794 45
2777 2815 78
2805 2833 4
2821 2838 87
2840 2884 115
2868 2885 22
2895 2924 205
2897 2929 13
2907 2953 133
2924 2935 171
2924 2967 144
2954 2959 160
2963 2964 106
2977 2999 85
2988 3014 109
2999 3017 50
3013 3029 57
3028 3077 297
3058 3096 25
3065 3102 18
3084 3107 148
3103 3109 63
3109 3143 159
3135 3158 174
3140 3146 152
3142 3143 229
3168 3204 76
3186 3216 287
3215 3218 15
3238 3278 84
3249 3274 228
3257 3291 60
3281 3314 86
3303 3343 183
3314 3359 182
3324 3343 242
3328 3344 211
3339 3347 134
3346 3368 160
3362 3402 176
3388 3391 207
3414 3450 195
3444 3467 129
3446 3488 114
3475 3506 87
3492 3528 232
3517 3558 217
3532 3559 234
3548 3594 74
3561 3589 271
3566 3585 163
3587 3622 290
3599 3626 75
3623 3668 184
3636 3678 110
3665 3696 232
3689 3703 199
3700 3726 200
3704 3713 144
3722 3731 149
3724 3732 277
3745 3749 115
3767 3781 190
3788 3838 242
3805 3815 37
3830 3869 60
3855 3863 126
3872 3914 200
3877 3893 95
3901 3907 275
3909 3954 63
3923 3950 8
3933 3966 191
3962 3997 15
3966 3978 8
3987 4028 160
3995 4045 231
3997 4012 5
3998 4010 131
4001 4012 289
4011 4031 215
4038 4070 25
4041 4068 163
4046 4053 48
4074 4084 177
4101 4142 21
4125 4151 259
4150 4186 200
4169 4190 9
4183 4207 52
4186 4221 252
4204 4214 294
4225 4256 48
4240 4247 224
4267 4280 54
4274 4278 224
4304 4311 161
4308 4321 160
4328 4377 94
4329 4367 128
4350 4354 229
4350 4392 41
4360 4402 243
4378 4393 239
4390 4438 138
4417 4426 221
4434 4460 59
4449 4478 81
4460 4482 129
4474 4517 9
4495 4498 279
4498 4532 250
4501 4525 207
4507 4557 4
4510 4524 270
4510 4557 258
4536 4581 294
4543 4547 127
4552 4553 142
4578 4623 245
4589 4602 298
4597 4621 283
4623 4634 89
4644 4645 5
4647 4696 285
4672 4713 276
4693 4703 41
4697 4724 29
4712 4743 214
4720 4762 192
4729 4742 207
4755 4804 208
4780 4787 16
4797 4818 221
4827 4870 205
4828 4863 285
4848 4849 229
4873 4882 144
4886 4917 117
4899 4908 57
4921 4935 179
4941 4946 3
4941 4960 50
4946 4981 202
4947 4963 175
4966 5004 169
4969 4987 35
4983 5012 23
4996 5026 91
5024 5052 211
5028 5062 195
5049 5058 291
5049 5098 58
5061 5074 233
5090 5101 117
5111 5153 74
5115 5144 247
5139 5189 134
5161 5162 220
5175 5179 169
5204 5252 205
5230 5273 107
5237 5271 214
5253 5285 296
5260 5277 142
5263 5286 119
5269 5289 46
5282 5286 168
5282 5318 151
5299 5312 174
5308 5309 138
5329 5341 264
5338 5377 116
5367 5380 173
5368 5373 254
5381 5401 152
5395 5396 10
5409 5416 102
5417 5458 213
5436 5465 137
5463 5491 191
5470 5478 170
5470 5513 225
5489 5509 25
5493 5513 12
5496 5524 94
5497 5529 43
5520 5546 145
5541 5576 60
5543 5555 258
5545 5593 54
5548 5581 296
5567 5602 141
5579 5584 4
5600 5641 142
5600 5611 57
5630 5649 299
5658 5680 65
5676 5697 56
5693 5725 274
5693 5722 273
5706 5737 4
5706 5755 90
5734 5751 54
5761 5789 257
5766 5791 46
5770 5794 36
5772 5787 53
5780 5790 240
5793 5834 108
5816 5856 266
5836 5854 15
5836 5869 149
5842 5875 116
5865 5868 165
5889 5905 8
5916 5935 11
5946 5962 120
5951 5994 113
5971 6006 175
5999 6034 287
6013 6025 217
6035 6070 300
6061 6067 96
6068 6108 227
6076 6095 283
6103 6144 37
6126 6147 16
6148 6168 121
6174 6218 207
6195 6244 163
6206 6207 6
6212 6257 85
6230 6232 174
6257 6276 247
6271 6286 60
6292 6317 188
6296 6305 275
6309 6322 135
6314 6341 226
6344 6394 131
6349 6374 3
6358 6361 281
6362 6372 51
6377 6419 36
6387 6388 291
6404 6435 130
6422 6454 249
6426 6465 117
6438 6480 241
6448 6451 78
6457 6493 83
6482 6492 299
6493 6499 85
6502 6505 64
6514 6537 182
6536 6571 148
6549 6570 165
6564 6603 40
6580 6603 151
6585 6606 196
6610 6614 219
6612 6623 204
6638 6641 227
6653 6680 280
6680 6702 290
6693 6724 8
6703 6742 290
6705 6740 261
6728 6773 110
6757 6787 228
6783 6828 143
6803 6846 161
6816 6839 123
6836 6867 216
6838 6875 104
6868 6885 203
6882 6902 296
6889 6892 20
6914 6923 122
6930 6979 181
6931 6972 60
6942 6959 112
6952 6968 69
6955 6988 122
6958 6984 230
6964 6984 271
6972 6994 167
6989 6992 184
7009 7014 12
7034 7051 61
7055 7077 32
7072 7097 31
7095 7119 231
7125 7131 60
7130 7169 75
7159 7172 7
7171 7174 113
7186 7230 159
7205 7239 194
7235 7270 145
7252 7288 232
7274 7320 268
7303 7322 113
7310 7338 291
7318 7350 288
7319 7347 46
7336 7375 50
7363 7404 129
7379 7415 71
7407 7443 59
7407 7421 201
7409 7435 219
7417 7429 170
7443 7448 17
7445 7479 300
7472 7491 247
7473 7498 231
7503 7511 216
7520 7548 237
7534 7573 116
7550 7589 188
7569 7595 94
7593 7614 242
7605 7624 102
7629 7671 113
7631 7639 239
7655 7667 128
7676 7678 158
7688 7727 66
7701 7748 292
7720 7725 115
7728 7729 112
7728 7740 217
7740 7761 287
7761 7802 264
7767 7779 197
7782 7831 99
7807 7834 87
7832 7847 191
7853 7893 2
7880 7916 234
7883 7909 173
7894 7930 136
7903 7927 285
7931 7956 240
7959 7968 26
7966 7981 203
7966 7987 96
7973 8023 28
7985 7992 92
7989 7993 176
7997 8021 63
8018 8050 106
8021 8064 234
8050 8058 198
8065 8090 104
8083 8120 288
8095 8133 25
8104 8129 20
8121 8162 268
8149 8190 2
8179 8219 261
8202 8223 249
8207 8228 10
8212 8229 11
8240 8288 236
8252 8294 255
8254 8272 273
8268 8306 92
8293 8316 86
8313 8334 23
8328 8373 100
8329 8332 195
8339 8355 212
8349 8366 216
8355 8402 213
8361 8386 64
8365 8382 243
8392 8429 251
8399 8434 251
8400 8406 296
8412 8449 88
8427 8444 179
8446 8475 216
8459 8492 294
8460 8471 26
8490 8535 42
8518 8526 212
8539 8564 10
8564 8579 246
8568 8603 150
8573 8600 27
8602 8606 259
8609 8619 134
8630 8659 271
8640 8649 144
8646 8649 277
8661 8703 275
8681 8717 227
8691 8716 244
8709 8722 180
8722 8735 217
8726 8749 266
8739 8757 46
8754 8755 186
8784 8830 71
8784 8800 164
8809 8819 3
8822 8829 248
8822 8865 161
8847 8861 288
8871 8907 7
8874 8913 263
8887 8896 219
8896 8922 21
8907 8911 35
8921 8967 156
8934 8944 122
8960 8971 35
8974 8999 203
8978 8999 95
8996 9009 270
9007 9027 117
9027 9054 215
9044 9077 152
9056 9094 69
9063 9067 5
9080 9130 264
9095 9121 297
9097 9104 207
9098 9122 74
9126 9172 268
9129 9148 219
9129 9153 83
9153 9166 232
9177 9208 36
9203 9244 114
9211 9243 22
9223 9266 33
9233 9281 223
9248 9282 51
9254 9279 195
9260 9264 258
9285 9315 109
9300 9323 243
9321 9348 230
9332 9356 55
9351 9364 190
9352 9398 76
9355 9403 15
9374 9396 166
9386 9412 222
9388 9435 27
9407 9428 51
9434 9461 65
9445 9477 221
9470 9487 165
9491 9516 141
9521 9550 96
9525 9541 135
9550 9576 225
9571 9614 105
9594 9621 252
9609 9628 91
9610 9644 2
9639 9681 241
9649 9684 261
9663 9678 288
9681 9716 99
9704 9720 256
9707 9734 155
9732 9751 77
9736 9783 282
9757 9800 161
9777 9779 221
9805 9835 281
9808 9833 3
9826 9844 52
9847 9869 79
9865 9875 226
9884 9886 247
9911 9932 45
9940 9986 191
9952 9986 211
9954 9977 252
9963 10007 284
9981 10010 191
9981 9998 94
10010 10021 233
10022 10039 208
10024 10043 19
10037 10077 108
10042 10068 43
10064 10109 273
10082 10103 167
10084 10100 149
10090 10110 172
10115 10133 157
10136 10159 46
10162 10210 155
10185 10218 245
10193 10235 11
10215 10255 91
10245 10253 23
10269 10312 180
10270 10296 96
10299 10328 51
10321 10359 157
10332 10354 136
10337 10375 193
10367 10369 219
10378 10395 297
10384 10427 91
10401 10451 63
10418 10445 72
10428 10438 46
10452 10462 268
10463 10507 231
10473 10517 78
10500 10523 169
10516 10543 136
10523 10569 83
10526 10532 158
10550 10579 106
10565 10593 17
10569 10572 144
10598 10629 288
10615 10665 17
10642 10674 109
10646 10661 254
10649 10662 106
10661 10711 218
10689 10702 187
10714 10731 64
10737 10768 232
10763 10790 140
10764 10801 6
10794 10805 95
10800 10815 185
10822 10859 95
10844 10879 83
10865 10885 176
10877 10897 80
10889 10914 175
10913 10956 228
10937 10938 79
10958 10989 110
10987 11010 36
10987 10997 257
10992 11018 107
10999 11030 164
11008 11044 30
11035 11059 95
11037 11079 223
11058 11064 180
11084 11098 195
11085 11110 230
11103 11108 128
11111 11144 52
11125 11147 79
11149 11178 235
11175 11177 17
11193 11217 12
11221 11229 53
11251 11275 166
11262 11291 298
11289 11330 211
11291 11303 276
11294 11311 154
11297 11341 296
11317 11335 124
11331 11354 29
11332 11372 143
11354 11394 123
11365 11379 212
11383 11428 160
11391 11436 45
11405 11428 165
11415 11428 204
11445 11477 182
11457 11465 291
11463 11479 232
11473 11499 100
11492 11523 62
11494 11495 1
11494 11522 29
11515 11548 209
11545 11548 173
11557 11577 11
11586 11596 180
11591 11611 246
11610 11628 278
11631 11668 30
11641 11678 178
11651 11678 210
11660 11697 228
11673 11692 162
11695 11737 70
11724 11731 148
11752 11758 230
11768 11803 259
11777 11797 289
11784 11824 206
11806 11828 140
11828 11866 16
11829 11846 149
11858 11861 93
11873 11890 154
11891 11931 142
11898 11930 35
11926 11942 73
11944 11945 62
11958 12004 216
11963 11996 47
11971 11986 118
11975 12008 110
12001 12032 54
12030 12068 299
12046 12092 276
12046 12073 67
12067 12077 73
12092 12102 178
12095 12141 69
12122 12157 204
12131 12135 167
12144 12166 2
12147 12180 240
12165 12206 113
12183 12206 14
12195 12230 150
12213 12253 93
12220 12251 128
12236 12247 141
12245 12278 300
12254 12269 215
12275 12315 114
12297 12335 71
12325 12356 269
12345 12385 48
12360 12380 35
12374 12418 10
12383 12387 126
12402 12421 153
12414 12427 236
12415 12462 106
12445 12467 77
12465 12494 245
12473 12493 155
12479 12481 52
12495 12526 55
12506 12554 125
12515 12545 162
12519 12540 4
12549 12579 152
12573 12588 49
12587 12612 144
12594 12609 297
12595 12639 3
12596 12619 114
12625 12663 125
12645 12693 53
12650 12679 131
12680 12691 126
12699 12724 163
12706 12708 97
12712 12746 222
12740 12743 34
12761 12804 293
12766 12802 156
12771 12788 208
12786 12795 121
12797 12825 250
12826 12871 276
12836 12864 270
12862 12879 234
12892 12942 245
12920 12965 87
12940 12981 58
12957 12959 229
12957 13005 197
12971 13006 135
12986 12998 101
13004 13034 147
13023 13062 3
13045 13077 154
13048 13052 65
13069 13077 300
13073 13119 116
13094 13109 182
13122 13153 125
13127 13155 14
13146 13183 11
13161 13171 243
13186 13214 202
13212 13251 56
13220 13255 297
13226 13247 274
13234 13237 160
13255 13278 6
13280 13301 48
13285 13294 80
13288 13334 138
13295 13306 135
13312 13319 264
13338 13375 28
13344 13351 119
13362 13386 161
13369 13381 50
13395 13425 75
13417 13421 106
13425 13463 257
13430 13445 86
13450 13470 190
13462 13509 271
13477 13493 55
13495 13513 88
13520 13555 111
13524 13558 157
13526 13567 263
13531 13564 81
13536 13549 297
13557 13558 170
13577 13595 19
13599 13606 192
13610 13642 299
13615 13639 53
13632 13670 79
13656 13700 188
13685 13734 80
13689 13697 268
13718 13766 14
13735 13782 300
13740 13762 276
13760 13804 118
13768 13818 70
13793 13795 233
13805 13816 189
13805 13841 289
13818 13838 285
13833 13843 52
13842 13843 209
13857 13876 55
13859 13867 283
13878 13882 272
13885 13935 110
13886 13891 5
13895 13896 112
13912 13924 82
13920 13964 168
13937 13967 155
13948 13969 243
13974 13981 284
13993 14022 53
13996 14035 133
13998 14028 10
14001 14046 141
14013 14051 177
14040 14085 34
14044 14070 115
14054 14089 54
14060 14090 37
14085 14096 147
14095 14122 151
14104 14145 161
14125 14165 52
14126 14158 254
14145 14189 125
14155 14179 190
14158 14171 96
14177 14193 224
14186 14217 53
14212 14237 251
14217 14264 294
14220 14235 100
14235 14279 61
14263 14309 70
14266 14294 44
14282 14309 20
14310 14321 17
14338 14353 258
14368 14380 146
14386 14389 54
14407 14409 215
14420 14424 120
14425 14450 230
14441 14449 279
14452 14490 91
14477 14504 260
14490 14519 298
14508 14556 72
14521 14538 242
14545 14593 142
14550 14596 167
14572 14602 103
14600 14627 216
14601 14633 287
14612 14616 65
14628 14676 257
14652 14663 128
14677 14678 230
14685 14715 298
14687 14694 116
14697 14709 29
14706 14755 159
14726 14770 229
14731 14734 118
14732 14754 259
