1000
17 26 134
31 47 118
36 76 20
47 86 103
54 76 234
73 107 81
98 133 54
113 156 255
129 136 113
147 176 127
169 176 81
174 181 78
197 245 14
221 261 280
231 262 249
256 294 156
269 292 244
276 321 82
290 339 210
291 336 286
320 324 116
341 372 188
356 393 28
359 374 263
375 417 263
386 432 255
386 414 32
400 429 100
425 463 221
441 488 240
442 455 110
445 477 73
451 468 293
476 517 94
496 528 257
509 549 101
527 567 2
528 558 62
555 576 135
582 631 214
595 623 153
600 602 281
612 655 273
621 639 228
645 669 209
665 713 19
667 670 284
673 693 94
694 697 170
720 759 4
732 761 90
743 775 247
745 786 207
749 775 65
771 780 13
791 841 235
791 841 138
803 841 279
830 854 132
840 889 95
854 868 244
879 921 235
895 936 144
915 934 62
934 961 244
940 961 245
959 995 202
987 1010 271
1007 1009 189
1011 1036 156
1033 1054 234
1044 1083 165
1058 1068 234
1071 1083 71
1085 1090 228
1114 1121 93
1122 1165 229
1132 1137 242
1153 1175 135
1179 1197 227
1185 1222 59
1211 1243 142
1241 1282 235
1250 1285 134
1269 1293 200
1281 1284 260
1300 1335 218
1311 1360 264
1328 1332 56
1346 1361 127
1375 1416 105
1400 1411 208
1402 1421 50
1423 1470 91
1449 1492 192
1465 1469 24
1484 1517 192
1492 1509 83
1495 1533 199
1507 1544 99
1511 1551 70
1526 1547 40
1528 1549 155
1540 1585 197
1567 1595 266
1588 1626 186
1605 1630 110
1632 1639 255
1644 1674 10
1657 1697 77
1664 1676 52
1664 1703 105
1685 1688 280
1697 1723 236
1697 1733 207
1713 1748 202
1733 1775 145
1762 1793 117
1790 1827 46
1812 1856 15
1824 1842 93
1825 1871 6
1843 1865 41
1870 1914 142
1886 1909 87
1902 1943 20
1914 1919 108
1922 1960 298
1940 1952 16
1957 1979 169
1974 2013 214
2003 2049 6
2010 2011 215
2016 2020 4
2025 2040 245
2045 2065 118
2068 2104 41
2087 2132 33
2099 2125 180
2099 2141 294
2120 2140 176
2126 2153 143
2138 2148 174
2160 2196 123
2169 2218 108
2170 2212 24
2195 2209 165
2196 2198 76
2199 2230 72
2221 2237 70
2231 2247 232
2233 2250 263
2238 2271 266
2265 2306 43
2288 2338 276
2293 2300 86
2311 2340 261
2326 2357 32
2329 2330 181
2345 2368 157
2354 2379 243
2358 2378 163
2374 2395 248
2394 2407 183
2417 2458 148
2419 2423 70
2427 2436 178
2443 2453 43
2454 2482 117
2481 2502 283
2487 2490 173
2508 2515 83
2520 2568 135
2545 2587 213
2567 2588 89
2576 2592 76
2582 2626 48
2582 2623 97
2597 2622 123
2605 2629 127
2635 2651 55
2644 2655 23
2666 2715 71
2678 2688 109
2706 2723 88
2711 2725 14
2741 2769 5
2741 2766 296
2745 2759 183
2765 2810 281
2782 2803 203
2788 2838 224
2806 2810 59
2808 2821 171
2813 2828 171
2832 2853 127
2843 2844 113
2856 2894 265
2886 2914 171
2902 2952 52
2912 2923 58
2930 2943 260
2953 2986 53
2979 2995 153
3002 3048 235
3012 3058 107
3022 3055 38
3033 3039 44
3058 3089 252
3082 3102 166
3098 3106 123
3105 3152 113
3129 3168 231
3149 3159 299
3173 3217 67
3187 3227 99
3202 3237 274
3221 3224 240
3247 3269 97
3253 3272 97
3273 3314 12
3294 3330 257
3323 3336 179
3352 3391 219
3366 3408 184
3374 3394 180
3374 3408 7
3381 3417 244
3396 3405 15
3425 3429 72
3449 3477 93
3476 3519 250
3496 3507 259
3498 3539 144
3520 3566 219
3520 3532 16
3538 3579 239
3552 3561 144
3566 3581 53
3584 3599 216
3587 3593 203
3607 3618 181
3612 3648 154
3626 3637 22
3636 3648 193
3657 3681 115
3673 3714 282
3697 3734 263
3700 3701 81
3723 3765 78
3726 3766 225
3753 3790 232
3767 3780 247
3773 3787 78
3792 3812 160
3806 3818 78
3827 3834 85
3853 3890 270
3857 3906 40
3863 3903 203
3879 3881 272
3892 3939 277
3916 3958 12
3931 3948 138
3940 3975 292
3953 3977 204
3957 3975 1
3957 3973 213
3980 4029 293
3989 4034 210
4010 4053 215
4031 4032 170
4039 4077 271
4040 4071 298
4069 4113 124
4089 4116 187
4117 4118 239
4120 4133 47
4129 4145 220
4134 4136 136
4162 4169 152
4181 4216 175
4205 4241 40
4208 4219 99
4238 4273 238
4243 4255 77
4257 4286 89
4282 4312 51
4297 4334 7
4323 4337 164
4345 4348 236
4351 4370 292
4356 4373 147
4365 4378 140
4382 4417 187
4405 4421 200
4423 4455 224
4428 4451 110
4441 4483 156
4469 4496 291
4489 4512 289
4498 4530 172
4520 4540 62
4529 4565 81
4536 4539 220
4559 4579 117
4572 4587 40
4574 4611 188
4591 4603 134
4613 4660 127
4629 4672 234
4635 4645 25
4639 4676 63
4651 4657 146
4651 4656 69
4664 4679 102
4674 4718 24
4680 4694 146
4690 4709 273
4719 4728 72
4735 4770 118
4751 4797 286
4765 4796 127
4770 4790 5
4795 4838 128
4809 4812 204
4823 4841 259
4824 4825 297
4835 4839 105
4835 4848 200
4839 4886 185
4859 4886 280
4871 4880 147
4893 4930 90
4905 4954 75
4920 4958 260
4934 4945 139
4946 4986 115
4959 4963 74
4965 4996 100
4983 4985 35
4991 5002 155
5014 5033 128
5022 5067 217
5030 5072 170
5048 5098 42
5074 5111 4
5101 5123 151
5109 5128 255
5113 5147 2
5127 5173 289
5151 5172 201
5163 5195 286
5188 5222 47
5201 5227 124
5223 5235 270
5223 5249 52
5253 5268 239
5256 5288 82
5286 5331 8
5300 5303 168
5328 5349 189
5353 5379 143
5379 5400 232
5385 5409 96
5411 5451 187
5417 5423 105
5424 5438 270
5425 5469 280
5437 5443 164
5465 5480 239
5472 5487 101
5484 5523 293
5495 5524 217
5510 5559 276
5532 5535 289
5532 5570 117
5553 5559 237
5559 5588 105
5583 5630 161
5589 5625 255
5604 5620 92
5628 5653 110
5634 5671 93
5656 5706 216
5686 5735 39
5714 5735 108
5741 5751 274
5753 5763 232
5780 5814 208
5800 5812 77
5804 5826 277
5821 5823 143
5823 5837 197
5824 5863 7
5850 5878 212
5875 5922 107
5898 5942 72
5925 5968 81
5951 5989 82
5966 5984 113
5970 6006 164
5974 6004 201
5985 6005 272
6006 6041 128
6013 6026 117
6024 6030 115
6049 6078 175
6056 6069 292
6085 6122 153
6091 6095 38
6097 6102 122
6108 6150 18
6108 6133 8
6122 6131 132
6147 6150 28
6167 6198 160
6172 6220 186
6195 6226 219
6196 6206 193
6201 6244 7
6211 6219 278
6237 6256 33
6255 6257 20
6285 6329 183
6299 6336 57
6316 6353 237
6316 6331 13
6318 6324 156
6341 6383 180
6354 6370 126
6363 6410 217
6386 6420 225
6416 6453 34
6422 6448 260
6438 6469 298
6461 6499 62
6474 6524 178
6492 6523 25
6516 6535 13
6518 6555 68
6543 6583 6
6553 6569 295
6564 6596 204
6591 6625 206
6596 6601 34
6617 6636 160
6630 6648 281
6640 6690 109
6645 6664 181
6665 6685 61
6685 6694 257
6687 6713 98
6695 6731 77
6712 6727 143
6731 6763 51
6734 6772 207
6751 6757 253
6768 6769 126
6790 6804 206
6803 6805 76
6816 6828 130
6831 6852 111
6840 6842 103
6863 6909 117
6863 6893 124
6875 6905 165
6901 6928 76
6916 6950 158
6940 6978 249
6942 6978 264
6947 6949 175
6961 6963 189
6963 7009 36
6966 6992 44
6993 7026 252
7010 7046 142
7031 7064 223
7058 7077 150
7059 7109 64
7063 7074 195
7084 7134 59
7091 7124 140
7092 7122 75
7120 7150 242
7129 7160 37
7147 7172 57
7163 7171 5
7174 7214 27
7183 7191 254
7192 7219 185
7216 7232 49
7237 7271 214
7250 7255 72
7279 7307 273
7283 7296 67
7311 7349 140
7312 7338 191
7342 7383 171
7364 7370 243
7377 7382 254
7393 7400 146
7419 7451 250
7445 7493 175
7473 7480 145
7493 7509 269
7521 7570 242
7548 7578 273
7557 7601 137
7564 7593 57
7571 7580 122
7574 7597 73
7602 7606 281
7625 7629 96
7644 7674 177
7671 7675 11
7701 7735 157
7711 7757 153
7739 7744 291
7751 7776 233
7767 7786 186
7794 7802 39
7808 7856 213
7814 7820 221
7815 7859 149
7820 7850 172
7841 7850 73
7844 7877 69
7865 7892 180
7889 7909 101
7915 7946 136
7924 7961 202
7932 7956 222
7962 8008 175
7978 7999 169
7984 8034 58
7998 8004 237
8013 8044 84
8013 8039 67
8027 8072 74
8044 8053 210
8059 8105 47
8066 8067 29
8087 8128 1
8106 8127 6
8122 8137 116
8134 8169 211
8146 8193 86
8150 8194 148
8154 8196 112
8160 8165 218
8179 8196 270
8200 8202 226
8225 8271 177
8250 8293 231
8267 8274 9
8296 8332 142
8316 8351 30
8325 8371 273
8345 8382 101
8356 8376 50
8361 8408 46
8370 8420 14
8389 8392 253
8415 8423 232
8431 8450 79
8438 8445 86
8465 8493 115
8480 8481 261
8508 8531 47
8518 8519 255
8545 8585 271
8563 8571 20
8571 8585 30
8594 8637 53
8616 8642 162
8617 8620 202
8619 8658 282
8632 8679 203
8653 8678 208
8664 8711 34
8674 8707 147
8694 8701 187
8722 8767 133
8746 8780 273
8750 8791 207
8779 8816 110
8789 8806 45
8811 8842 257
8815 8828 148
8829 8837 18
8859 8900 185
8881 8888 195
8900 8938 122
8917 8920 227
8934 8952 114
8957 8990 216
8978 9013 158
9007 9010 14
9016 9065 192
9029 9067 93
9049 9063 274
9075 9124 41
9104 9128 70
9105 9135 267
9121 9149 60
9127 9172 5
9128 9166 196
9144 9166 145
9166 9191 186
9189 9227 289
9202 9210 22
9204 9251 132
9226 9271 260
9232 9253 127
9259 9274 83
9269 9310 119
9286 9334 164
9290 9314 170
9312 9337 167
9321 9368 33
9341 9355 45
9360 9410 139
9377 9394 47
9391 9413 128
9397 9411 188
9417 9453 247
9440 9452 17
9443 9451 13
9459 9504 108
9463 9497 113
9469 9487 292
9478 9512 293
9498 9533 165
9509 9540 19
9533 9564 142
9541 9556 94
9549 9560 257
9570 9612 220
9597 9633 128
9619 9645 90
9632 9637 177
9655 9676 12
9685 9729 154
9689 9723 224
9694 9738 291
9721 9752 68
9727 9733 6
9728 9775 262
9737 9786 167
9744 9774 246
9761 9783 145
9766 9804 103
9776 9782 296
9799 9830 292
9804 9828 54
9813 9861 59
9837 9881 64
9845 9868 19
9873 9913 81
9891 9907 154
9912 9962 293
9918 9947 141
9930 9935 207
9955 9994 47
9974 9983 224
9988 9998 144
10017 10024 53
10042 10047 26
10052 10073 199
10081 10085 70
10099 10140 35
10117 10147 235
10130 10157 212
10136 10148 122
10151 10188 72
10169 10206 262
10187 10224 184
10191 10222 4
10204 10246 120
10210 10235 177
10238 10243 109
10239 10253 229
10241 10260 218
10270 10284 66
10274 10312 216
10286 10312 142
10311 10357 6
10335 10342 179
10343 10361 6
10348 10357 148
10370 10377 1
10392 10393 124
10413 10457 42
10416 10419 128
10423 10458 263
10436 10469 274
10461 10471 143
10470 10481 132
10472 10492 69
10473 10496 236
10476 10508 142
10484 10518 113
10514 10552 205
10528 10557 108
10542 10549 99
10543 10544 10
10549 10558 268
10553 10560 76
10578 10604 299
10605 10650 264
10615 10617 175
10630 10648 135
10659 10687 264
10668 10707 99
10675 10686 201
10691 10734 32
10693 10740 262
10693 10697 181
10694 10725 108
10719 10752 201
10740 10772 268
10750 10781 17
10756 10771 39
10783 10820 122
10802 10839 178
10805 10832 21
10826 10828 88
10830 10854 127
10841 10890 48
10871 10877 280
10899 10938 21
10902 10935 204
10922 10946 133
10939 10986 107
10949 10983 252
10962 10986 144
10971 10974 182
10981 11019 216
10982 10998 241
11012 11047 24
11033 11049 90
11037 11055 277
11047 11063 26
11055 11092 186
11064 11092 83
11071 11081 196
11094 11132 15
11124 11137 148
11146 11194 208
11162 11193 293
11171 11220 268
11188 11238 199
11216 11251 176
11234 11256 244
11244 11261 50
11247 11275 253
11266 11293 54
11276 11307 264
11282 11301 230
11289 11332 217
11312 11320 85
11341 11387 109
11359 11389 224
11382 11398 205
11403 11411 270
11410 11421 193
11438 11456 162
11445 11450 80
11456 11461 50
11480 11523 279
11496 11521 48
11498 11519 226
11526 11535 9
11550 11576 20
11554 11577 128
11560 11601 86
11578 11590 101
11582 11601 89
11605 11610 75
11624 11656 195
11635 11685 133
11651 11696 136
11660 11673 298
11665 11715 165
11675 11710 190
11677 11694 75
11702 11719 152
11715 11733 145
11729 11765 52
11737 11777 42
11758 11780 221
11771 11774 215
11792 11810 215
11798 11833 23
11805 11816 145
11812 11845 41
11813 11838 78
11841 11881 288
11849 11874 77
11874 11885 82
11896 11898 258
11924 11972 111
11926 11953 97
11937 11950 95
11941 11946 296
11969 11983 221
11990 12008 232
11990 11998 2
11992 12036 144
12007 12030 77
12007 12049 157
12032 12063 197
12043 12065 264
12073 12074 183
12090 12094 254
12105 12144 292
12118 12139 3
12143 12186 116
12169 12194 114
12183 12212 97
12204 12219 153
12217 12253 37
12232 12266 43
12262 12271 124
12274 12296 75
12284 12324 168
12290 12334 207
12312 12339 23
12330 12356 133
12353 12356 46
12364 12398 261
12375 12417 213
12405 12443 272
12416 12417 138
12418 12454 295
12436 12455 258
12451 12456 135
12451 12479 139
12454 12463 90
12479 12483 286
12494 12497 107
12517 12558 117
12520 12560 28
12537 12583 91
12542 12550 12
12545 12547 134
12557 12602 69
12565 12588 210
12576 12580 127
12582 12603 23
12592 12603 200
12613 12651 91
12643 12690 296
12643 12688 218
12644 12649 226
12648 12680 40
12663 12693 288
12682 12730 167
12694 12696 280
12711 12721 221
12712 12721 279
12735 12740 60
12762 12787 107
12770 12773 234
12782 12819 47
12782 12827 150
12783 12815 96
12789 12829 74
12804 12810 229
12822 12834 198
12834 12844 206
12838 12884 34
12857 12864 230
12887 12932 113
12887 12896 45
12905 12917 198
12930 12977 216
12943 12957 125
12949 12967 12
12961 12967 59
12970 12990 30
12998 13000 283
13019 13034 52
13023 13029 173
13040 13066 45
13055 13074 232
13079 13116 273
13106 13134 239
13110 13132 11
13116 13118 61
13139 13148 215
13148 13178 73
13159 13168 197
13180 13214 185
13183 13194 137
13186 13203 232
13198 13246 29
13214 13234 59
13243 13264 294
13260 13269 132
13280 13282 66
13308 13335 196
13338 13356 287
13340 13369 173
13343 13359 156
13371 13372 62
13382 13427 34
13402 13452 247
13422 13428 128
13448 13487 212
13466 13497 244
13487 13500 80
13514 13533 81
13543 13577 160
13566 13585 67
13567 13604 167
13585 13588 75
13600 13622 172
13615 13659 242
13620 13658 33
13630 13646 171
13646 13695 149
13662 13687 105
13674 13684 62
13704 13713 41
13705 13742 225
13723 13767 34
13727 13761 154
13743 13752 38
13767 13786 171
13785 13787 136
13791 13805 212
13814 13819 14
13815 13836 137
13825 13856 23
13855 13858 151
13863 13891 87
13889 13921 52
13910 13919 1
13910 13923 81
13911 13915 217
13926 13955 213
13939 13980 140
13944 13972 246
13968 14002 57
13987 14005 138
13994 14037 52
14001 14029 97
14025 14071 277
14047 14077 88
14073 14074 7
14095 14135 86
14124 14131 221
14140 14182 83
14156 14205 266
14182 14221 148
14197 14246 161
14197 14226 9
14221 14247 288
14246 14280 108
14257 14294 50
14272 14301 276
14299 14345 188
14311 14353 234
14329 14343 45
14359 14374 267
14387 14404 117
14415 14429 257
14423 14471 191
14425 14433 35
14443 14466 126
14457 14504 119
14475 14510 274
14494 14496 154
14523 14534 102
14552 14591 23
14561 14578 221
14583 14623 209
14608 14612 173
14623 14654 220
14648 14688 153
14674 14680 125
14700 14721 63
14712 14747 104
14719 14763 39
14723 14762 66
14747 14791 212
14777 14781 86
14794 14805 152
14804 14845 88
14831 14863 51
14843 14847 14
14864 14866 171
14883 14898 96
14903 14937 247
14922 14928 161
14947 14978 238
14948 14979 240
14949 14982 129
