1000
20 70 36
21 38 247
21 63 78
45 59 291
72 88 42
82 132 32
103 125 55
112 127 56
122 161 64
130 131 252
154 181 275
169 194 84
183 184 274
206 230 204
207 257 92
225 251 78
251 266 60
252 292 136
264 269 187
273 286 261
297 321 163
307 330 18
307 351 111
322 352 21
343 350 278
372 408 93
402 442 234
421 433 27
432 473 204
437 461 5
455 470 285
463 477 246
480 514 107
493 511 19
502 547 229
530 559 131
551 582 152
574 601 222
599 601 30
617 640 8
647 690 142
673 712 121
689 720 299
700 746 290
728 735 281
745 777 23
747 755 234
748 778 51
765 801 39
771 779 136
775 784 100
804 839 280
834 851 193
843 892 124
856 899 277
868 907 255
883 920 166
883 886 213
911 952 34
925 975 135
944 981 50
955 966 104
983 1010 54
993 1003 163
1008 1048 256
1014 1037 93
1020 1057 85
1039 1074 207
1046 1088 1
1066 1093 199
1087 1106 254
1103 1137 57
1119 1124 43
1141 1142 204
1158 1184 245
1185 1231 256
1200 1204 95
1229 1257 253
1230 1262 233
1241 1263 116
1257 1270 203
1265 1281 37
1269 1303 94
1288 1327 147
1318 1323 127
1333 1344 176
1348 1384 204
1348 1352 233
1377 1400 139
1394 1406 90
1411 1417 121
1425 1435 116
1448 1489 146
1456 1459 226
1474 1476 56
1495 1510 35
1523 1532 77
1537 1578 246
1548 1563 35
1571 1578 23
1599 1641 230
1623 1625 22
1628 1678 116
1655 1679 272
1676 1686 208
1690 1711 23
1706 1740 37
1716 1751 64
1721 1727 173
1730 1773 154
1756 1767 203
1767 1812 144
1789 1803 248
1804 1816 230
1833 1852 46
1855 1870 53
1866 1871 232
1868 1907 300
1870 1918 184
1880 1881 24
1902 1903 229
1928 1955 11
1930 1947 36
1932 1941 193
1938 1983 155
1959 1981 34
1971 1973 260
1981 2004 38
2002 2007 127
2003 2037 269
2013 2032 206
2043 2063 36
2044 2047 286
2061 2101 234
2063 2085 61
2087 2090 28
2105 2136 18
2127 2158 260
2152 2202 59
2156 2190 250
2183 2196 165
2187 2202 234
2213 2253 299
2228 2259 282
2251 2296 285
2267 2284 126
2294 2312 86
2305 2326 42
2313 2343 170
2335 2344 203
2349 2364 151
2370 2404 158
2382 2400 143
2388 2426 82
2406 2438 100
2407 2438 157
2407 2412 171
2413 2428 5
2427 2469 231
2427 2436 190
2450 2475 242
2450 2475 77
2452 2468 184
2473 2484 250
2490 2531 59
2492 2497 140
2518 2555 222
2529 2550 261
2545 2591 7
2551 2585 186
2563 2605 53
2589 2591 164
2590 2640 185
2599 2611 210
2603 2621 54
2610 2630 69
2612 2627 295
2625 2626 81
2641 2668 1
2656 2697 143
2673 2705 1
2676 2691 6
2696 2736 58
2726 2740 183
2734 2735 132
2740 2761 103
2770 2781 94
2788 2810 108
2788 2806 55
2811 2842 87
2841 2880 202
2841 2870 293
2849 2881 8
2869 2891 13
2880 2909 18
2892 2932 247
2897 2913 283
2913 2931 151
2924 2949 152
2948 2965 92
2958 2977 201
2988 3022 263
2998 3006 51
3023 3024 196
3039 3075 263
3063 3113 11
3083 3101 218
3089 3138 259
3105 3117 237
3131 3181 155
3133 3163 77
3136 3164 247
3149 3172 163
3158 3172 181
3164 3171 116
3172 3210 96
3174 3214 262
3192 3202 216
3206 3246 172
3211 3235 229
3240 3262 154
3252 3292 65
3255 3276 140
3280 3286 25
3284 3301 82
3301 3331 257
3302 3341 150
3316 3339 260
3328 3352 96
3335 3372 5
3341 3349 251
3366 3382 154
3392 3429 256
3401 3437 45
3426 3440 86
3433 3440 282
3456 3504 153
3480 3517 197
3505 3524 113
3524 3555 211
3554 3556 195
3579 3593 78
3590 3638 261
3603 3628 185
3616 3624 176
3639 3665 230
3650 3688 278
3673 3696 245
3678 3702 156
3687 3708 21
3694 3734 197
3720 3758 178
3735 3750 222
3746 3770 12
3748 3758 86
3777 3804 113
3797 3829 244
3806 3838 79
3817 3844 208
3838 3869 247
3866 3869 203
3870 3872 116
3885 3925 231
3898 3913 77
3903 3947 99
3919 3967 86
3933 3980 21
3938 3973 228
3959 3983 237
3971 3996 262
3973 4017 166
4000 4033 239
4002 4036 81
4028 4056 226
4034 4069 231
4038 4086 92
4044 4069 35
4063 4073 21
4068 4094 52
4074 4085 12
4098 4105 270
4101 4126 288
4114 4156 146
4124 4159 59
4139 4184 49
4164 4173 64
4172 4203 89
4177 4193 284
4207 4227 253
4207 4242 289
4227 4257 100
4243 4280 154
4267 4276 41
4275 4325 297
4296 4323 284
4318 4360 2
4345 4352 31
4364 4411 134
4379 4399 111
4408 4410 251
4437 4453 209
4447 4455 196
4449 4469 142
4451 4478 144
4451 4472 99
4451 4465 125
4463 4467 198
4466 4479 148
4467 4473 137
4481 4520 253
4506 4533 252
4528 4543 268
4537 4572 10
4556 4562 70
4578 4591 273
4592 4635 232
4620 4669 175
4620 4633 3
4639 4643 189
4659 4679 205
4670 4702 44
4693 4729 300
4695 4696 37
4705 4716 155
4709 4739 133
4716 4735 32
4717 4751 107
4732 4757 138
4750 4753 183
4755 4757 272
4783 4827 249
4797 4803 14
4821 4862 250
4830 4853 97
4844 4851 221
4869 4911 152
4880 4909 108
4904 4919 126
4905 4944 240
4909 4929 130
4928 4954 119
4952 4983 163
4972 5001 276
4981 5004 20
4981 4986 276
5006 5040 82
5034 5035 17
5064 5087 247
5091 5132 63
5101 5124 4
5116 5149 144
5145 5169 11
5151 5153 262
5175 5176 48
5183 5230 290
5186 5198 113
5201 5226 121
5223 5252 46
5233 5266 158
5253 5287 30
5282 5286 127
5306 5346 67
5308 5350 134
5327 5337 271
5340 5345 266
5340 5369 85
5353 5388 234
5354 5401 268
5379 5387 232
5382 5406 267
5408 5426 164
5414 5460 196
5441 5487 43
5464 5470 275
5491 5525 6
5519 5533 57
5523 5530 237
5540 5549 62
5545 5560 103
5561 5605 86
5569 5575 54
5596 5603 189
5614 5630 13
5632 5638 7
5661 5696 169
5687 5716 127
5707 5716 111
5722 5754 66
5732 5737 256
5746 5793 125
5772 5796 72
5793 5808 49
5814 5823 164
5830 5861 198
5832 5863 104
5833 5853 245
5845 5850 15
5865 5903 287
5877 5914 94
5906 5909 79
5925 5946 190
5933 5961 222
5961 5992 109
5986 6010 55
5992 6015 107
6022 6064 241
6031 6036 181
6045 6063 112
6056 6070 66
6078 6098 8
6103 6133 184
6117 6119 78
6144 6145 181
6157 6196 234
6169 6213 275
6175 6209 91
6195 6208 215
6210 6255 86
6222 6231 188
6228 6238 221
6251 6264 278
6266 6301 270
6272 6274 123
6282 6330 7
6312 6338 147
6330 6360 233
6350 6354 299
6378 6408 71
6408 6442 36
6408 6427 120
6414 6418 255
6424 6467 172
6445 6475 19
6446 6461 141
6465 6505 166
6467 6486 202
6497 6509 162
6525 6530 76
6544 6591 89
6557 6587 10
6582 6632 238
6593 6602 195
6606 6635 54
6611 6641 91
6621 6624 225
6643 6665 61
6645 6686 94
6657 6700 60
6664 6710 17
6691 6732 290
6695 6723 162
6716 6719 45
6736 6765 271
6765 6771 268
6791 6805 58
6810 6843 195
6821 6841 2
6830 6833 169
6856 6893 241
6870 6914 259
6873 6878 81
6889 6935 88
6895 6902 264
6902 6921 218
6913 6939 185
6936 6977 186
6946 6949 82
6960 6974 75
6965 7005 217
6981 6987 254
7009 7041 29
7012 7031 207
7024 7041 271
7030 7074 100
7059 7105 135
7065 7101 227
7084 7113 215
7098 7138 266
7098 7130 154
7101 7117 15
7109 7136 105
7111 7137 220
7140 7180 130
7169 7203 123
7169 7170 44
7187 7224 120
7189 7232 43
7195 7196 200
7200 7216 252
7206 7235 300
7214 7243 254
7231 7256 91
7256 7285 167
7256 7300 157
7266 7273 1
7286 7315 74
7291 7339 209
7307 7349 18
7321 7352 267
7325 7351 104
7332 7338 152
7334 7369 74
7342 7381 246
7358 7378 109
7375 7416 74
7405 7443 269
7418 7458 165
7437 7470 241
7458 7475 136
7463 7489 253
7484 7532 38
7504 7518 104
7528 7532 205
7544 7552 61
7566 7592 255
7591 7632 81
7611 7644 75
7629 7632 273
7648 7677 22
7673 7687 143
7703 7722 279
7720 7743 38
7730 7758 153
7743 7753 138
7759 7780 80
7780 7791 25
7788 7826 135
7795 7839 278
7820 7841 211
7836 7851 277
7859 7866 102
7884 7909 111
7912 7961 8
7937 7979 165
7960 7985 115
7980 7981 42
8000 8035 187
8021 8051 240
8041 8047 142
8048 8085 10
8074 8090 7
8089 8104 47
8090 8117 229
8099 8141 200
8099 8148 114
8126 8170 104
8135 8178 56
8146 8151 211
8160 8197 226
8162 8186 89
8181 8184 118
8200 8214 102
8228 8249 262
8233 8235 86
8233 8281 210
8262 8273 174
8277 8283 8
8299 8313 178
8299 8311 228
8322 8348 15
8345 8355 11
8353 8371 198
8373 8377 208
8381 8419 98
8391 8401 253
8397 8433 68
8424 8453 96
8433 8460 108
8445 8468 117
8447 8472 1
8469 8494 222
8489 8524 139
8517 8552 6
8526 8540 6
8541 8565 37
8553 8582 111
8568 8583 128
8597 8603 115
8619 8643 72
8646 8677 129
8651 8666 171
8659 8691 216
8684 8731 221
8706 8724 122
8730 8736 165
8740 8766 282
8756 8796 32
8782 8823 215
8804 8822 35
8820 8849 96
8846 8870 161
8860 8882 155
8861 8880 53
8882 8915 36
8896 8904 149
8910 8919 109
8919 8937 145
8944 8967 214
8944 8958 58
8960 9004 169
8979 8996 72
9001 9021 3
9015 9046 214
9022 9036 130
9038 9079 231
9044 9045 63
9047 9091 169
9070 9079 137
9077 9105 106
9078 9128 198
9090 9095 128
9104 9116 25
9123 9171 165
9147 9174 161
9177 9224 5
9200 9242 255
9203 9246 3
9204 9235 268
9226 9234 88
9227 9230 237
9253 9284 72
9253 9260 232
9254 9276 185
9281 9282 204
9296 9308 182
9308 9349 34
9323 9341 19
9351 9361 85
9376 9392 155
9406 9448 244
9417 9438 26
9419 9422 255
9419 9432 253
9430 9462 159
9458 9476 87
9482 9523 165
9512 9543 185
9527 9537 267
9547 9579 227
9552 9601 183
9558 9566 158
9570 9618 115
9591 9605 292
9617 9623 222
9629 9674 223
9634 9641 255
9642 9677 222
9645 9676 201
9672 9687 57
9700 9722 86
9723 9768 155
9742 9745 140
9744 9790 242
9758 9801 273
9786 9819 219
9791 9797 13
9800 9835 288
9819 9838 25
9844 9861 73
9852 9872 187
9864 9865 24
9867 9907 239
9880 9921 165
9906 9944 65
9909 9914 8
9910 9949 68
9915 9920 144
9936 9944 70
9950 9952 127
9972 9983 254
9984 10034 293
10012 10022 279
10018 10065 102
10032 10059 109
10057 10058 46
10082 10085 140
10103 10125 169
10110 10138 151
10118 10136 31
10121 10130 76
10127 10144 246
10154 10192 282
10183 10209 55
10209 10234 26
10232 10236 162
10240 10282 141
10265 10280 77
10286 10328 67
10287 10299 117
10290 10302 42
10315 10336 191
10319 10330 38
10338 10343 69
10347 10353 193
10370 10406 240
10370 10383 262
10399 10426 193
10408 10435 78
10427 10473 11
10454 10483 77
10465 10470 109
10470 10516 92
10480 10491 163
10503 10547 297
10507 10509 198
10514 10530 40
10528 10570 38
10542 10570 193
10549 10594 108
10566 10585 259
10568 10577 232
10595 10596 36
10609 10632 247
10636 10665 266
10662 10676 178
10679 10710 280
10680 10710 300
10690 10697 77
10712 10735 86
10742 10778 94
10766 10789 158
10772 10807 53
10777 10794 103
10798 10808 139
10801 10818 195
10820 10857 26
10822 10831 205
10850 10874 18
10859 10893 274
10868 10887 169
10891 10902 249
10905 10929 167
10914 10933 208
10943 10987 122
10967 10991 63
10989 10998 241
11006 11018 160
11008 11010 248
11016 11051 213
11035 11053 109
11060 11096 291
11088 11101 258
11112 11142 28
11123 11161 112
11142 11168 58
11147 11184 153
11165 11203 224
11167 11197 23
11168 11184 79
11190 11236 157
11192 11213 132
11203 11233 229
11221 11254 214
11242 11263 128
11261 11272 121
11266 11299 73
11273 11287 148
11278 11285 79
11303 11348 8
11321 11333 45
11328 11366 33
11328 11372 88
11333 11358 155
11356 11357 170
11356 11376 175
11358 11383 139
11358 11381 94
11381 11397 75
11408 11446 275
11432 11456 57
11450 11482 144
11478 11521 8
11485 11493 293
11494 11536 33
11509 11520 267
11521 11566 2
11528 11545 172
11535 11564 281
11539 11561 240
11547 11568 41
11561 11600 281
11590 11609 168
11604 11620 238
11624 11626 253
11641 11655 47
11670 11686 195
11685 11693 35
11703 11713 292
11717 11748 109
11746 11788 20
11751 11753 55
11755 11757 180
11758 11783 70
11772 11776 164
11787 11819 119
11811 11849 112
11834 11845 99
11854 11872 296
11857 11873 21
11858 11877 61
11873 11919 13
11890 11895 57
11908 11945 204
11911 11952 138
11924 11928 210
11930 11939 67
11938 11981 180
11951 11980 139
11968 11981 209
11975 11987 291
11975 12001 208
11977 11986 73
11997 12006 148
12002 12025 203
12007 12012 201
12034 12037 18
12047 12086 91
12065 12090 147
12074 12077 39
12079 12086 35
12080 12103 204
12099 12112 74
12102 12127 241
12132 12175 85
12145 12179 167
12162 12177 14
12171 12203 226
12197 12203 99
12214 12219 129
12230 12261 58
12245 12277 155
12248 12291 210
12264 12301 262
12266 12277 153
12288 12293 198
12293 12341 199
12309 12339 291
12335 12343 263
12353 12372 148
12371 12402 65
12396 12439 89
12398 12443 123
12424 12451 62
12436 12462 187
12447 12458 278
12469 12503 25
12474 12488 165
12486 12503 55
12504 12522 141
12516 12562 7
12537 12538 113
12564 12565 196
12570 12594 189
12573 12605 32
12601 12639 137
12611 12654 299
12622 12662 235
12624 12628 207
12640 12664 32
12667 12702 158
12685 12734 44
12711 12761 13
12722 12726 87
12726 12741 279
12731 12773 300
12735 12777 177
12748 12786 99
12752 12786 118
12764 12802 271
12781 12799 183
12796 12839 265
12823 12837 7
12829 12835 63
12831 12833 182
12833 12857 43
12854 12857 297
12871 12873 292
12871 12887 220
12901 12917 92
12924 12929 277
12926 12944 297
12927 12970 102
12950 12974 159
12958 12988 129
12974 12983 109
13002 13038 171
13006 13049 297
13016 13032 99
13034 13057 27
13056 13104 160
13072 13094 122
13102 13124 96
13129 13156 256
13147 13156 173
13154 13155 42
13163 13209 293
13189 13228 195
13197 13234 121
13203 13223 166
13206 13247 5
13213 13256 155
13214 13229 254
13214 13219 262
13233 13282 32
13244 13281 198
13244 13247 270
13267 13273 178
13270 13271 16
13271 13275 53
13292 13338 273
13293 13337 41
13303 13317 180
13328 13344 227
13356 13392 162
13374 13408 48
13375 13408 208
13386 13420 190
13393 13395 223
13413 13424 127
13434 13463 25
13455 13469 260
13480 13524 140
13501 13509 180
13501 13516 256
13511 13547 123
13517 13531 67
13532 13582 167
13561 13583 23
13580 13585 126
13581 13608 144
13596 13611 283
13613 13639 106
13618 13646 209
13628 13668 155
13628 13660 65
13633 13682 30
13655 13695 234
13661 13689 103
13686 13697 139
13689 13720 96
13691 13712 154
13721 13769 267
13721 13746 99
13741 13765 287
13764 13808 69
13794 13814 227
13814 13823 292
13842 13849 32
13857 13873 37
13884 13918 2
13897 13910 213
13905 13920 117
13927 13970 22
13945 13946 251
13949 13992 221
13960 13961 84
13985 14001 78
14008 14038 115
14016 14033 283
14038 14060 132
14060 14061 99
14065 14088 203
14086 14095 116
14108 14154 154
14130 14140 127
14141 14142 45
14142 14177 175
14144 14179 5
14145 14150 153
14170 14217 162
14197 14218 94
14199 14222 165
14210 14228 159
14222 14260 26
14239 14255 35
14246 14273 16
14265 14277 17
14287 14290 275
14304 14347 14
14315 14327 234
14335 14352 297
14337 14357 35
14355 14395 208
14380 14410 172
14408 14445 239
14435 14476 132
14444 14463 114
14468 14485 158
14477 14506 179
14485 14508 264
14502 14539 216
14519 14525 185
14531 14543 17
14535 14579 184
14538 14543 92
14555 14574 100
14573 14585 245
14593 14625 73
14597 14608 247
14620 14657 208
