5000
22 55 204
52 67 163
61 102 43
77 90 222
96 112 289
116 147 33
140 184 21
160 170 51
171 188 51
186 198 272
190 231 230
210 229 118
220 258 152
232 262 32
261 277 55
265 279 69
291 297 54
301 348 66
304 335 157
311 344 209
335 360 218
342 392 227
368 384 118
380 389 82
408 424 223
437 464 12
458 502 88
482 499 216
489 496 88
505 532 197
506 549 1
523 528 61
544 576 249
546 595 53
550 570 192
565 593 18
584 625 281
584 589 41
601 624 85
631 639 227
637 641 138
643 690 200
668 716 264
673 679 48
691 724 27
693 729 7
713 718 282
726 735 3
744 779 135
772 795 165
801 831 148
826 850 281
837 862 242
857 889 187
862 896 124
890 913 124
915 965 293
939 948 125
960 996 30
984 1008 191
1012 1022 97
1031 1056 24
1037 1058 227
1065 1101 21
1082 1123 138
1103 1138 199
1123 1163 106
1144 1165 222
1148 1159 227
1163 1184 168
1191 1203 230
1220 1259 181
1229 1275 92
1229 1273 10
1234 1244 170
1255 1300 101
1260 1292 20
1262 1268 93
1284 1312 280
1284 1304 243
1306 1321 101
1333 1363 13
1350 1385 28
1379 1382 117
1396 1439 32
1422 1447 288
1436 1475 119
1455 1480 71
1480 1501 90
1483 1503 92
1508 1532 218
1516 1541 235
1536 1559 164
1552 1553 243
1558 1596 135
1569 1618 285
1586 1604 74
1596 1634 126
1616 1657 274
1629 1655 207
1651 1668 269
1675 1692 181
1696 1700 169
1710 1737 220
1737 1772 70
1766 1816 176
1778 1794 75
1802 1826 243
1825 1861 13
1829 1879 43
1835 1866 99
1838 1878 31
1856 1876 291
1859 1864 194
1875 1923 176
1903 1910 46
1924 1933 186
1935 1967 107
1949 1954 41
1965 1999 223
1986 2036 257
1999 2017 217
2013 2047 176
2029 2077 70
2035 2061 7
2046 2063 128
2050 2093 164
2069 2098 254
2091 2131 106
2098 2106 2
2106 2146 95
2110 2160 14
2120 2137 158
2140 2180 84
2153 2162 252
2183 2189 34
2188 2225 274
2202 2251 138
2229 2254 192
2252 2259 160
2265 2299 166
2291 2336 81
2298 2302 90
2306 2356 296
2327 2350 38
2345 2369 209
2349 2394 99
2366 2367 86
2395 2441 98
2410 2412 99
2435 2485 276
2442 2465 267
2465 2505 112
2479 2488 61
2507 2554 105
2533 2545 48
2547 2559 196
2572 2607 266
2589 2621 11
2607 2632 284
2632 2681 65
2653 2692 150
2667 2672 86
2693 2721 193
2695 2731 137
2697 2740 159
2713 2746 248
2724 2730 199
2727 2775 161
2736 2739 123
2766 2796 123
2796 2807 177
2819 2858 188
2822 2855 46
2850 2892 5
2855 2896 104
2885 2930 141
2906 2954 35
2912 2959 210
2918 2956 64
2928 2954 286
2946 2969 223
2970 3014 3
2975 3009 153
2975 2996 24
2975 3018 150
2992 3020 37
3005 3021 215
3023 3052 249
3035 3071 81
3064 3083 36
3090 3114 39
3098 3140 269
3105 3126 190
3126 3139 217
3149 3179 6
3151 3172 254
3171 3214 120
3189 3229 284
3190 3211 219
3204 3234 35
3204 3239 29
3209 3243 235
3226 3248 220
3238 3278 240
3262 3289 111
3267 3313 35
3292 3296 235
3311 3336 126
3316 3325 105
3316 3334 268
3317 3343 270
3322 3343 170
3328 3376 5
3343 3391 172
3368 3391 42
3376 3421 187
3377 3392 117
3384 3423 53
3395 3443 130
3404 3428 249
3416 3461 241
3446 3451 112
3449 3485 40
3464 3474 215
3478 3487 216
3502 3552 170
3510 3541 39
3537 3551 188
3545 3565 253
3573 3582 99
3585 3627 112
3610 3622 66
3612 3613 264
3614 3620 35
3644 3661 26
3647 3682 232
3674 3686 87
3696 3718 209
3696 3727 142
3705 3743 226
3735 3747 86
3742 3757 100
3754 3779 158
3779 3797 166
3792 3808 295
3798 3804 165
3801 3806 222
3809 3813 182
3815 3840 83
3835 3885 144
3847 3879 84
3870 3883 52
3889 3909 169
3910 3932 259
3938 3952 227
3951 3955 115
3965 4002 175
3967 3971 95
3975 4002 151
3995 4009 266
4002 4013 140
4019 4054 214
4037 4085 179
4045 4070 230
4071 4118 52
4072 4079 288
4078 4079 206
4090 4110 278
4093 4126 80
4102 4129 291
4114 4154 80
4134 4161 281
4157 4166 56
4173 4206 126
4175 4185 176
4197 4230 287
4202 4234 169
4232 4282 275
4247 4283 252
4256 4267 87
4271 4316 177
4276 4323 277
4298 4302 230
4307 4348 108
4335 4374 270
4346 4383 8
4374 4391 277
4395 4431 221
4413 4439 154
4425 4441 299
4450 4494 70
4474 4513 24
4500 4549 253
4523 4532 19
4541 4548 278
4566 4578 71
4586 4612 125
4616 4626 63
4616 4634 105
4634 4642 273
4661 4709 77
4662 4698 259
4669 4675 152
4697 4710 43
4709 4723 55
4719 4741 77
4725 4760 213
4739 4779 160
4739 4750 233
4743 4768 213
4757 4788 75
4787 4789 11
4803 4817 217
4810 4812 219
4812 4821 191
4827 4837 71
4848 4879 234
4848 4860 207
4860 4865 143
4882 4908 6
4891 4924 175
4917 4922 291
4922 4937 203
4934 4944 288
4946 4962 242
4959 4996 225
4962 4964 231
4988 5014 178
5006 5007 242
5008 5051 264
5013 5033 243
5039 5071 91
5051 5084 132
5080 5087 238
5107 5124 24
5127 5151 121
5135 5179 294
5139 5180 81
5161 5198 159
5188 5216 108
5216 5244 230
5226 5259 40
5237 5275 297
5238 5257 286
5268 5312 250
5269 5304 184
5274 5282 76
5284 5323 204
5303 5322 212
5305 5314 97
5320 5354 265
5330 5342 281
5356 5364 219
5370 5390 291
5394 5401 173
5422 5429 94
5430 5478 2
5441 5458 202
5442 5454 66
5447 5490 49
5461 5499 12
5480 5503 96
5491 5531 298
5513 5531 141
5526 5553 44
5546 5594 25
5571 5572 290
5571 5617 157
5575 5607 147
5588 5602 157
5602 5616 239
5604 5636 152
5613 5632 164
5623 5671 121
5634 5660 162
5639 5657 254
5655 5677 276
5685 5697 203
5691 5694 139
5719 5753 3
5725 5773 183
5746 5781 180
5765 5781 264
5766 5810 93
5788 5834 284
5804 5807 2
5806 5814 204
5809 5838 8
5834 5845 227
5840 5862 296
5869 5913 219
5882 5927 31
5904 5941 90
5907 5916 70
5920 5930 96
5943 5979 173
5945 5978 238
5965 6014 39
5966 6013 257
5980 5996 137
5983 5987 124
5999 6029 37
6020 6064 148
6035 6071 18
6060 6064 88
6090 6108 104
6098 6104 229
6108 6119 57
6129 6136 55
6143 6185 36
6168 6207 166
6187 6195 297
6203 6236 80
6203 6218 216
6233 6242 162
6236 6249 127
6263 6290 66
6271 6309 225
6300 6314 95
6310 6357 180
6336 6347 85
6344 6368 142
6350 6375 177
6361 6377 15
6384 6394 92
6402 6444 102
6428 6451 113
6434 6471 260
6460 6467 206
6488 6532 90
6504 6528 163
6509 6535 147
6534 6545 24
6551 6556 278
6553 6576 164
6562 6594 143
6571 6616 236
6589 6612 83
6613 6649 186
6617 6627 224
6636 6651 186
6660 6705 225
6670 6708 154
6674 6719 171
6697 6699 49
6705 6738 70
6719 6759 142
6720 6738 136
6750 6796 242
6764 6773 286
6779 6809 250
6789 6800 12
6815 6865 13
6823 6841 236
6825 6840 161
6829 6842 291
6831 6840 286
6855 6897 132
6877 6912 84
6897 6903 6
6907 6912 29
6923 6972 13
6931 6951 203
6961 7007 34
6988 7022 115
7006 7044 220
7024 7038 127
7044 7054 36
7057 7062 239
7071 7080 298
7092 7103 139
7115 7146 28
7144 7145 263
7158 7192 203
7166 7181 210
7191 7204 101
7204 7207 109
7214 7232 77
7220 7226 58
7243 7287 34
7245 7247 268
7255 7259 19
7262 7266 123
7282 7316 39
7298 7343 96
7317 7330 248
7340 7379 96
7370 7405 202
7400 7414 280
7405 7415 141
7434 7462 1
7452 7460 194
7456 7503 120
7457 7492 148
7473 7488 244
7484 7531 243
7497 7499 139
7521 7532 133
7523 7530 132
7553 7572 119
7560 7593 55
7580 7581 240
7604 7654 60
7611 7627 54
7634 7635 105
7646 7654 104
7654 7683 278
7682 7716 291
7704 7716 134
7723 7765 224
7745 7758 300
7762 7769 291
7767 7816 279
7789 7828 286
7800 7831 12
7813 7857 30
7814 7830 267
7842 7892 195
7857 7864 48
7871 7908 254
7895 7930 90
7896 7934 249
7900 7910 223
7905 7909 215
7910 7919 131
7916 7925 196
7935 7972 86
7942 7976 65
7970 8000 116
7993 8027 33
8009 8023 221
8026 8059 298
8037 8087 95
8042 8062 189
8063 8091 271
8071 8094 241
8089 8109 30
8107 8110 90
8113 8155 14
8118 8161 129
8121 8128 192
8136 8166 250
8153 8164 241
8155 8163 6
8174 8195 260
8186 8203 155
8191 8203 223
8193 8216 259
8201 8249 108
8203 8229 12
8205 8253 266
8231 8257 13
8258 8308 47
8271 8273 195
8279 8322 166
8289 8336 251
8317 8320 80
8328 8336 258
8330 8341 106
8344 8362 34
8365 8384 123
8370 8386 114
8389 8403 273
8414 8418 229
8426 8470 210
8454 8475 281
8472 8477 285
8500 8523 51
8515 8539 241
8527 8554 270
8532 8566 239
8551 8584 125
8555 8574 32
8573 8574 66
8578 8616 72
8599 8610 36
8626 8648 83
8628 8659 49
8638 8644 202
8666 8684 181
8675 8700 3
8698 8731 271
8699 8740 79
8714 8722 249
8726 8766 299
8756 8805 101
8763 8786 274
8768 8770 62
8770 8807 78
8779 8794 135
8780 8789 169
8785 8824 231
8800 8821 220
8810 8859 65
8828 8843 92
8832 8846 142
8854 8868 10
8865 8896 195
8881 8886 264
8905 8936 7
8934 8984 133
8951 8955 194
8977 8982 49
8980 9029 234
8983 9016 173
8985 9019 126
8985 9017 175
9004 9050 19
9013 9033 184
9013 9032 64
9015 9037 21
9038 9081 94
9047 9050 103
9053 9100 235
9070 9112 126
9087 9093 13
9095 9103 96
9113 9139 260
9123 9135 272
9151 9157 69
9164 9202 174
9189 9194 287
9192 9228 186
9222 9236 163
9242 9271 6
9262 9297 216
9262 9279 206
9266 9279 174
9293 9297 49
9298 9321 22
9311 9323 263
9325 9326 32
9339 9340 83
9347 9361 234
9363 9387 232
9388 9408 172
9397 9419 120
9422 9450 234
9429 9474 268
9436 9450 161
9450 9462 272
9474 9490 56
9480 9527 79
9489 9528 80
9497 9508 146
9514 9535 36
9535 9555 214
9538 9581 169
9551 9565 26
9558 9574 65
9586 9594 2
9615 9626 247
9640 9687 140
9649 9652 166
9678 9706 297
9679 9704 51
9687 9692 222
9701 9710 275
9713 9758 57
9730 9738 240
9759 9767 100
9772 9782 195
9786 9828 259
9816 9835 287
9840 9860 121
9857 9881 285
9864 9885 234
9889 9904 185
9916 9941 155
9938 9963 117
9964 10010 157
9977 9978 160
10002 10020 53
10004 10016 228
10022 10045 242
10037 10081 154
10049 10054 162
10079 10107 235
10101 10110 152
10127 10142 155
10146 10159 59
10165 10197 117
10177 10203 183
10205 10223 243
10212 10226 107
10221 10244 148
10240 10242 40
10247 10250 255
10268 10289 260
10295 10343 198
10295 10301 120
10321 10343 62
10334 10373 226
10338 10344 153
10363 10397 30
10364 10391 140
10382 10412 252
10401 10411 212
10404 10440 272
10413 10430 243
10418 10426 99
10427 10451 269
10437 10448 218
10439 10476 239
10442 10484 134
10471 10512 257
10474 10480 291
10499 10532 107
10525 10568 217
10544 10557 130
10560 10604 171
10572 10583 11
10583 10617 4
10608 10658 108
10634 10651 28
10650 10689 199
10667 10688 148
10691 10696 230
10705 10748 62
10714 10745 285
10720 10739 20
10733 10759 120
10760 10795 30
10776 10814 154
10800 10818 169
10810 10830 49
10840 10844 117
10840 10846 163
10867 10887 90
10887 10896 21
10915 10942 155
10921 10958 162
10932 10966 52
10947 10969 291
10948 10978 298
10969 11004 177
10979 11003 194
10988 11030 270
11014 11063 276
11044 11072 33
11072 11075 232
11076 11094 1
11097 11126 129
11112 11129 52
11133 11178 265
11147 11160 91
11175 11186 143
11204 11211 296
11230 11250 102
11235 11242 148
11235 11239 169
11246 11296 98
11252 11288 54
11275 11313 177
11283 11304 24
11313 11322 208
11325 11363 197
11352 11369 196
11379 11404 185
11379 11411 65
11394 11430 143
11420 11455 13
11442 11471 281
11459 11491 198
11463 11466 27
11474 11509 157
11476 11523 210
11494 11541 52
11495 11519 235
11509 11540 290
11511 11547 81
11531 11574 217
11546 11564 57
11570 11586 65
11583 11608 126
11593 11595 245
11612 11661 257
11634 11640 68
11655 11673 98
11677 11706 101
11688 11720 281
11692 11697 70
11703 11753 38
11727 11758 147
11753 11777 47
11768 11788 68
11774 11819 114
11792 11799 11
11792 11817 291
11812 11819 162
11831 11875 255
11861 11868 157
11877 11907 170
11890 11925 153
11911 11957 38
11911 11914 290
11918 11931 44
11926 11974 74
11933 11941 295
11945 11992 30
11952 11958 142
11982 12015 200
11990 12038 235
12004 12033 109
12016 12048 105
12025 12074 41
12048 12085 103
12052 12087 144
12064 12078 198
12092 12103 273
12105 12137 214
12120 12163 280
12131 12144 163
12150 12176 173
12163 12169 20
12181 12191 217
12189 12192 215
12191 12231 102
12203 12223 10
12203 12233 141
12213 12243 98
12224 12258 181
12240 12281 300
12268 12307 272
12283 12288 300
12284 12307 7
12296 12309 68
12318 12323 170
12318 12355 196
12335 12368 47
12355 12366 162
12367 12375 34
12371 12380 292
12372 12413 85
12382 12423 251
12403 12406 228
12432 12447 272
12446 12447 196
12446 12450 100
12470 12476 54
12483 12523 282
12509 12556 152
12532 12537 89
12555 12565 65
12562 12608 95
12591 12633 22
12617 12641 139
12647 12653 165
12669 12694 62
12669 12693 29
12678 12680 112
12682 12720 14
12702 12746 187
12732 12753 3
12746 12752 41
12772 12780 207
12788 12796 125
12788 12837 230
12799 12827 49
12826 12872 279
12840 12869 170
12863 12900 299
12874 12900 261
12884 12885 70
12909 12941 144
12916 12921 106
12918 12943 43
12941 12991 110
12965 12984 299
12977 13021 77
12982 13024 146
12993 13021 50
12998 13032 72
13010 13019 98
13023 13056 78
13039 13088 262
13047 13090 123
13048 13083 119
13062 13065 259
13067 13096 203
13090 13118 184
13094 13113 169
13115 13147 284
13136 13166 192
13150 13156 153
13157 13186 162
13175 13201 204
13181 13206 246
13210 13254 186
13233 13269 252
13247 13294 35
13260 13264 212
13270 13296 127
13292 13311 103
13293 13318 25
13315 13329 165
13334 13346 143
13335 13356 148
13348 13355 292
13354 13358 262
13369 13405 223
13399 13443 239
13400 13402 138
13421 13437 79
13439 13474 201
13456 13504 90
13462 13512 143
13488 13502 27
13494 13540 201
13519 13565 262
13525 13575 296
13555 13602 228
13556 13579 296
13578 13589 3
13597 13632 41
13625 13670 159
13628 13667 206
13637 13664 213
13642 13668 122
13646 13690 252
13647 13682 153
13673 13683 284
13691 13701 264
13695 13700 26
13713 13758 56
13717 13740 22
13717 13729 187
13738 13755 191
13762 13805 158
13792 13800 92
13814 13831 273
13831 13877 150
13850 13876 135
13878 13895 216
13888 13933 49
13911 13935 123
13923 13927 132
13925 13959 98
13928 13957 278
13930 13967 127
13939 13984 142
13957 13966 25
13960 13975 227
13960 13990 131
13977 14023 134
13984 13996 276
14004 14041 141
14033 14035 126
14054 14077 223
14058 14106 109
14063 14094 113
14084 14101 138
14096 14124 276
14104 14117 100
14127 14135 57
14134 14175 5
14148 14173 56
14174 14192 40
14175 14213 243
14185 14233 189
14191 14199 36
14192 14204 213
14206 14255 284
14207 14248 127
14214 14261 102
14215 14216 288
14219 14252 105
14230 14247 87
14249 14256 185
14278 14299 85
14279 14296 262
14306 14320 160
14327 14370 226
14335 14366 28
14365 14369 290
14392 14441 257
14412 14443 8
14442 14446 288
14448 14496 61
14452 14500 261
14478 14507 132
14499 14501 269
14510 14533 27
14525 14539 43
14548 14577 127
14575 14602 235
14598 14619 237
14609 14659 238
14609 14638 159
14628 14665 214
14655 14689 224
14664 14684 127
14678 14703 1
14699 14728 2
14700 14735 102
14727 14768 51
14753 14759 210
14780 14785 178
14809 14816 271
14838 14854 91
14853 14891 163
14870 14875 22
14872 14912 52
14879 14906 289
14907 14923 187
14919 14957 281
14945 14992 260
14961 14979 235
14983 15011 116
15011 15049 196
15012 15038 235
15021 15066 78
15025 15040 273
15037 15079 39
15066 15084 208
15087 15125 259
15115 15154 67
15141 15173 89
15156 15199 90
15179 15193 236
15183 15200 158
15195 15218 249
15204 15209 38
15222 15240 254
15231 15232 52
15240 15281 119
15254 15265 155
15277 15324 233
15290 15333 181
15300 15345 38
15303 15344 299
15316 15353 213
15334 15374 274
15341 15364 74
15354 15391 62
15369 15374 144
15381 15415 109
15403 15436 160
15433 15437 216
15458 15474 22
15484 15522 15
15499 15544 93
15508 15556 288
15533 15567 39
15545 15549 91
15573 15599 17
15580 15612 58
15580 15614 16
15588 15596 172
15616 15649 151
15637 15662 24
15664 15676 35
15674 15714 125
15700 15743 112
15715 15729 248
15732 15744 152
15755 15798 157
15763 15789 18
15787 15812 201
15816 15850 149
15834 15878 23
15858 15883 166
15879 15897 152
15899 15917 32
15907 15944 269
15916 15927 223
15926 15961 10
15927 15940 115
15937 15966 141
15962 15969 9
15982 16015 5
15995 16028 33
16008 16021 106
16038 16058 155
16068 16103 180
16089 16111 294
16109 16151 297
16112 16125 47
16133 16154 237
16158 16170 152
16166 16202 276
16178 16180 172
16203 16221 249
16211 16248 288
16235 16257 126
16261 16266 289
16264 16276 222
16287 16289 75
16293 16338 123
16300 16331 188
16301 16327 120
16309 16337 223
16321 16343 87
16349 16379 240
16358 16405 270
16388 16396 232
16401 16421 199
16426 16469 178
16430 16455 107
16431 16433 40
16458 16504 224
16484 16514 15
16493 16542 90
16500 16549 87
16501 16550 197
16507 16508 8
16520 16529 111
16540 16567 12
16548 16569 267
16561 16596 46
16589 16590 83
16616 16634 149
16626 16638 124
16643 16644 168
16667 16691 279
16694 16708 276
16696 16721 234
16697 16728 291
16712 16753 101
16725 16764 228
16742 16764 129
16756 16805 26
16760 16775 126
16789 16791 7
16805 16843 62
16830 16860 247
16859 16865 50
16869 16888 99
16886 16914 126
16913 16949 25
16915 16943 84
16921 16948 240
16925 16966 15
16947 16952 149
16950 16958 185
16951 16970 112
16978 16986 13
16983 17000 166
17013 17024 103
17020 17059 121
17043 17050 141
17073 17110 236
17085 17104 45
17104 17105 185
17131 17146 63
17149 17158 122
17154 17173 173
17154 17200 300
17179 17223 101
17180 17189 300
17206 17253 221
17219 17257 75
17245 17270 192
17254 17257 255
17277 17281 56
17284 17317 97
17303 17319 71
17324 17353 188
17338 17366 283
17364 17365 9
17394 17425 64
17412 17439 192
17416 17441 34
17441 17477 195
17453 17491 211
17472 17503 89
17495 17517 276
17517 17543 26
17537 17564 16
17551 17597 43
17551 17563 167
17564 17584 115
17579 17592 50
17581 17603 7
17607 17620 273
17614 17660 228
17642 17690 232
17666 17711 146
17689 17695 201
17693 17723 258
17697 17709 223
17709 17729 86
17731 17750 274
17754 17791 225
17760 17783 44
17780 17810 179
17797 17812 280
17814 17818 296
17836 17880 273
17841 17871 86
17866 17874 72
17892 17942 166
17904 17939 96
17932 17972 208
17934 17936 165
17957 17972 54
17971 17990 109
17996 18033 35
18013 18040 297
18043 18050 285
18054 18104 216
18058 18059 227
18066 18105 176
18077 18110 140
18091 18097 229
18104 18108 77
18125 18142 17
18130 18157 91
18150 18160 272
18170 18210 193
18185 18188 53
18201 18233 132
18211 18216 103
18240 18283 103
18247 18277 240
18262 18263 212
18268 18273 108
18292 18300 277
18312 18326 20
18332 18349 100
18356 18377 191
18371 18384 293
18401 18418 277
18405 18445 251
18428 18433 175
18455 18477 80
18469 18519 41
18492 18500 68
18509 18535 106
18517 18557 157
18530 18544 55
18553 18560 4
18577 18603 160
18577 18593 171
18607 18625 275
18613 18654 108
18615 18618 175
18642 18656 192
18656 18672 299
18664 18684 268
18666 18698 11
18676 18696 190
18706 18721 240
18733 18764 186
18739 18765 67
18763 18764 166
18774 18791 108
18804 18845 277
18834 18867 259
18852 18886 235
18863 18901 84
18871 18902 150
18882 18930 286
18898 18944 204
18917 18966 147
18919 18966 64
18945 18949 160
18957 18994 8
18962 18965 152
18978 19005 298
18986 19031 75
18998 19020 180
19027 19051 288
19035 19052 184
19044 19088 212
19051 19073 132
19071 19093 254
19100 19110 144
19105 19120 24
19112 19113 207
19126 19160 298
19137 19143 181
19154 19162 126
19179 19185 100
19200 19222 254
19217 19252 273
19231 19277 133
19258 19284 297
19274 19281 132
19292 19325 120
19308 19334 218
19332 19374 131
19346 19382 117
19376 19424 171
19388 19434 180
19415 19430 277
19415 19427 169
19428 19434 83
19445 19454 4
19458 19467 86
19480 19495 247
19494 19532 117
19516 19559 134
19546 19576 287
19575 19607 90
19575 19604 151
19604 19652 259
19607 19614 104
19610 19646 124
19634 19680 250
19654 19658 262
19667 19713 186
19670 19718 72
19687 19728 180
19700 19734 40
19714 19740 101
19721 19748 65
19721 19771 166
19732 19771 194
19745 19766 76
19771 19775 145
19795 19816 142
19799 19835 191
19818 19846 32
19818 19846 247
19842 19865 159
19864 19880 295
19893 19932 93
19893 19927 206
19901 19950 264
19921 19946 210
19932 19956 199
19959 19977 204
19987 19990 20
19995 20002 102
20025 20030 164
20025 20039 292
20044 20092 34
20068 20115 18
20091 20129 93
20099 20144 265
20099 20127 20
20109 20139 152
20118 20121 139
20145 20194 47
20174 20191 128
20202 20242 239
20225 20275 284
20230 20254 156
20249 20262 46
20250 20273 207
20251 20292 68
20281 20285 45
20295 20310 37
20316 20335 275
20320 20358 89
20333 20344 294
20339 20349 87
20360 20406 298
20373 20394 202
20387 20393 204
20399 20431 237
20413 20437 267
20443 20464 270
20464 20471 244
20474 20495 66
20494 20512 181
20503 20513 292
20529 20556 219
20542 20585 197
20568 20616 244
20582 20632 252
20605 20631 182
20619 20668 63
20624 20639 75
20634 20644 149
20663 20698 292
20689 20716 149
20704 20733 229
20709 20713 292
20714 20718 65
20731 20736 51
20734 20740 204
20735 20747 20
20753 20788 85
20757 20796 108
20765 20797 89
20767 20797 289
20782 20828 3
20782 20816 19
20786 20813 46
20809 20814 36
20829 20834 16
20837 20865 247
20860 20886 223
20881 20899 238
20902 20916 121
20923 20973 283
20925 20972 224
20949 20992 286
20950 20981 193
20969 20993 206
20986 21013 268
21006 21033 259
21009 21055 147
21023 21038 265
21050 21093 211
21050 21092 14
21079 21081 18
21094 21098 54
21111 21154 273
21133 21140 177
21144 21151 140
21166 21202 298
21183 21191 149
21195 21239 277
21211 21230 36
21214 21227 167
21242 21250 114
21242 21280 198
21246 21253 107
21268 21310 134
21296 21344 96
21317 21318 28
21338 21355 143
21344 21349 95
21362 21392 178
21386 21398 145
21413 21428 41
21421 21468 28
21439 21457 254
21440 21489 49
21452 21488 7
21470 21516 180
21495 21520 162
21513 21559 141
21530 21578 198
21532 21556 34
21549 21592 102
21561 21573 287
21563 21567 248
21586 21624 26
21603 21643 215
21631 21663 209
21656 21679 62
21671 21699 75
21680 21686 128
21706 21744 230
21720 21750 28
21747 21761 26
21748 21771 36
21750 21783 59
21758 21782 88
21785 21802 11
21787 21833 55
21799 21832 69
21817 21839 88
21824 21866 203
21850 21866 142
21864 21891 199
21867 21892 140
21886 21905 206
21916 21932 134
21934 21938 11
21951 21990 79
21965 22004 192
21993 21995 69
22019 22054 60
22034 22048 63
22050 22099 16
22076 22126 279
22090 22110 160
22118 22137 174
22141 22166 55
22154 22180 188
22167 22205 211
22176 22216 189
22202 22219 2
22202 22238 293
22209 22244 39
22237 22268 108
22263 22309 74
22291 22309 162
22319 22334 14
22321 22354 33
22322 22359 146
22345 22374 103
22350 22351 181
22361 22382 12
22361 22376 104
22371 22412 63
22398 22430 52
22414 22436 188
22442 22463 259
22464 22505 275
22473 22482 285
22486 22533 9
22497 22508 44
22524 22555 284
22532 22578 67
22551 22584 37
22551 22583 252
22553 22565 296
22555 22569 293
22579 22590 20
22609 22643 134
22610 22649 64
22615 22659 147
22642 22649 263
22657 22689 227
22674 22692 120
22688 22737 166
22711 22754 30
22741 22779 277
22746 22782 102
22759 22781 128
22775 22784 54
22779 22782 204
22800 22832 253
22830 22855 82
22854 22879 214
22878 22904 89
22905 22914 217
22909 22948 216
22916 22939 35
22945 22987 139
22948 22990 273
22968 23011 8
22976 22993 149
22997 23002 127
23005 23037 121
23015 23064 245
23015 23017 185
23016 23024 207
23020 23040 48
23046 23049 282
23047 23057 85
23062 23092 250
23086 23100 211
23091 23092 27
23115 23130 141
23144 23150 217
23173 23185 153
23182 23211 56
23212 23229 129
23213 23258 188
23223 23231 194
23234 23280 21
23260 23294 177
23279 23316 162
23306 23353 267
23308 23346 279
23336 23382 108
23344 23382 280
23374 23413 168
23404 23405 293
23413 23458 263
23430 23441 78
23460 23461 98
23476 23498 191
23494 23508 108
23501 23546 203
23523 23545 106
23553 23601 238
23579 23590 149
23586 23614 165
23611 23619 298
23616 23620 13
23634 23663 66
23637 23681 152
23666 23687 290
23676 23725 249
23680 23688 242
23699 23716 18
23700 23709 177
23729 23777 123
23748 23793 70
23768 23787 107
23798 23840 147
23806 23827 39
23825 23875 159
23844 23856 27
23844 23863 87
23861 23887 235
23874 23902 211
23903 23929 146
23931 23933 286
23931 23979 96
23949 23998 247
23976 23989 214
23998 24004 136
24004 24010 192
24018 24065 221
24029 24060 183
24037 24084 283
24042 24078 191
24070 24093 220
24076 24099 281
24079 24113 155
24092 24128 253
24119 24151 25
24127 24134 81
24138 24155 178
24158 24163 201
24173 24215 76
24191 24215 233
24200 24207 53
24209 24254 236
24218 24226 65
24243 24274 116
24252 24300 50
24274 24279 224
24293 24331 153
24293 24320 123
24318 24341 194
24336 24381 169
24350 24394 155
24372 24405 204
24401 24428 178
24430 24465 63
24446 24465 229
24453 24497 132
24478 24519 207
24487 24507 165
24499 24546 6
24502 24524 264
24514 24546 188
24535 24572 64
24560 24610 228
24586 24616 83
24601 24620 236
24629 24655 281
24655 24696 57
24660 24667 188
24679 24696 77
24685 24701 14
24692 24737 79
24699 24741 110
24702 24720 89
24713 24728 55
24742 24770 262
24744 24761 188
24753 24765 236
24756 24765 55
24765 24783 146
24771 24790 71
24801 24844 145
24830 24878 201
24856 24874 278
24869 24903 109
24889 24899 62
24918 24941 70
24945 24974 253
24972 25001 261
24990 25009 37
25012 25015 143
25041 25077 193
25064 25106 111
25083 25113 82
25106 25132 67
25128 25135 21
25128 25175 95
25154 25168 290
25180 25228 127
25201 25231 224
25215 25263 278
25215 25220 146
25219 25266 216
25241 25254 164
25260 25285 30
25271 25317 104
25288 25296 2
25318 25327 82
25329 25366 236
25341 25375 143
25365 25368 70
25390 25439 75
25413 25421 119
25416 25445 26
25434 25436 220
25456 25483 154
25478 25486 32
25493 25523 101
25515 25554 13
25542 25549 156
25555 25587 109
25571 25620 180
25577 25595 175
25590 25593 298
25600 25635 145
25622 25650 273
25631 25634 125
25649 25662 147
25666 25672 237
25674 25724 151
25678 25714 183
25702 25745 26
25707 25753 298
25731 25777 61
25732 25775 25
25745 25756 3
25752 25778 218
25774 25816 19
25786 25829 291
25794 25805 8
25803 25842 42
25833 25843 44
25848 25855 73
25866 25905 43
25886 25904 258
25886 25910 278
25890 25915 116
25904 25921 264
25912 25951 2
25942 25960 150
25947 25974 261
25955 25971 287
25960 25993 262
25985 26000 35
26015 26027 227
26020 26070 33
26038 26039 243
26040 26063 28
26044 26088 181
26047 26093 200
26065 26066 211
26068 26107 1
26083 26087 187
26105 26122 117
26134 26179 84
26154 26175 43
26169 26201 44
26170 26172 256
26197 26199 180
26218 26246 50
26245 26276 194
26256 26266 22
26277 26322 25
26293 26315 115
26303 26307 15
26310 26348 147
26328 26376 69
26343 26377 226
26346 26395 125
26352 26392 51
26367 26392 234
26374 26416 81
26390 26402 232
26401 26442 147
26422 26428 208
26442 26461 214
26445 26489 181
26449 26487 185
26459 26501 106
26460 26506 155
26462 26475 93
26481 26525 162
26509 26551 220
26534 26565 206
26541 26545 258
26548 26573 157
26556 26605 33
26572 26614 185
26574 26613 103
26575 26606 105
26601 26620 258
26607 26642 167
26615 26659 21
26626 26629 43
26645 26676 25
26666 26680 112
26666 26676 99
26670 26674 195
26688 26717 5
26712 26724 176
26716 26765 173
26738 26774 184
26752 26798 168
26776 26783 172
26802 26811 66
26808 26833 179
26816 26865 147
26827 26838 254
26842 26886 87
26869 26891 128
26891 26933 264
26903 26927 4
26917 26962 130
26922 26940 236
26945 26979 180
26957 26992 276
26965 26979 201
26978 27019 35
27006 27042 240
27015 27023 195
27030 27065 187
27030 27062 254
27047 27084 14
27072 27119 56
27091 27098 1
27115 27141 171
27133 27166 69
27140 27179 183
27149 27198 9
27170 27198 22
27196 27238 293
27214 27216 107
27232 27243 19
27253 27265 202
27270 27277 4
27295 27335 79
27311 27347 186
27333 27364 178
27336 27363 9
27341 27349 9
27354 27356 110
27368 27406 185
27396 27415 98
27416 27421 178
27430 27455 1
27432 27444 196
27439 27448 191
27461 27510 196
27461 27462 260
27469 27477 69
27488 27517 39
27503 27504 139
27504 27506 94
27516 27563 143
27516 27523 214
27536 27584 48
27543 27562 198
27546 27591 58
27547 27573 235
27553 27581 50
27561 27571 101
27579 27600 37
27593 27623 26
27603 27617 218
27611 27640 256
27637 27662 238
27659 27675 16
27674 27684 73
27695 27736 141
27704 27708 204
27728 27756 102
27744 27758 115
27771 27781 92
27788 27796 131
27813 27814 204
27840 27870 169
27847 27870 215
27870 27882 284
27900 27935 205
27905 27930 66
27920 27930 184
27940 27956 161
27944 27977 263
27945 27967 247
27958 27997 31
27973 27979 10
28002 28045 206
28010 28015 120
28039 28046 206
28055 28098 291
28056 28093 95
28073 28091 119
28091 28123 284
28094 28098 272
28097 28143 240
28108 28144 168
28127 28161 44
28141 28181 31
28141 28185 22
28141 28190 138
28145 28182 222
28156 28186 73
28183 28224 36
28190 28229 11
28220 28242 45
28247 28294 82
28272 28301 178
28291 28324 5
28303 28318 278
28324 28362 169
28330 28347 262
28354 28371 228
28371 28387 115
28379 28423 118
28386 28393 134
28387 28414 230
28392 28418 47
28404 28428 103
28405 28407 68
28426 28446 298
28445 28446 136
28468 28475 132
28490 28499 54
28514 28562 166
28540 28549 172
28559 28584 151
28579 28599 171
28606 28614 79
28609 28620 189
28609 28617 247
28635 28668 285
28662 28685 35
28682 28693 84
28698 28747 52
28714 28763 108
28730 28734 158
28757 28778 256
28766 28810 49
28767 28811 214
28773 28800 293
28791 28812 103
28814 28851 223
28826 28829 290
28831 28857 215
28837 28877 32
28845 28856 150
28864 28895 164
28865 28891 255
28870 28896 62
28882 28898 26
28904 28942 5
28932 28963 148
28949 28967 154
28973 28988 149
28977 29011 120
28992 29023 229
29008 29044 114
29038 29066 74
29060 29102 204
29081 29108 53
29101 29129 143
29109 29153 163
29127 29156 298
29147 29193 173
29158 29174 250
29164 29177 261
29189 29233 203
29197 29214 60
29216 29254 206
29232 29279 282
29240 29277 292
29268 29281 21
29273 29288 280
29287 29292 81
29288 29300 214
29293 29295 272
29297 29324 125
29325 29359 283
29332 29344 12
29361 29404 145
29385 29389 251
29388 29432 265
29398 29406 211
29424 29457 292
29429 29452 85
29445 29493 70
29452 29461 131
29459 29490 220
29464 29513 194
29477 29501 274
29481 29516 134
29510 29521 118
29538 29560 141
29538 29583 143
29557 29595 224
29563 29600 64
29577 29613 43
29592 29639 51
29620 29653 40
29640 29673 224
29661 29707 253
29683 29707 164
29687 29724 61
29712 29718 12
29712 29720 51
29735 29741 250
29763 29769 144
29780 29786 214
29782 29785 62
29799 29838 233
29825 29868 111
29829 29856 77
29844 29880 55
29847 29864 272
29869 29882 93
29890 29899 135
29890 29935 48
29897 29911 19
29897 29934 71
29897 29936 77
29922 29963 187
29926 29973 222
29934 29945 76
29949 29996 83
29951 29952 276
29969 30005 211
29973 30002 75
29974 29982 193
30002 30016 49
30022 30029 123
30025 30047 113
30027 30039 60
30044 30080 234
30067 30094 23
30094 30105 218
30114 30115 44
30139 30167 246
30156 30169 83
30165 30180 139
30172 30192 143
30186 30197 178
30211 30222 119
30223 30246 41
30237 30267 181
30247 30249 209
30252 30284 142
30270 30276 160
30283 30323 50
30310 30334 84
30310 30357 157
30333 30367 162
30347 30384 169
30351 30367 11
30359 30404 138
30376 30379 171
30401 30408 87
30411 30451 278
30429 30432 2
30437 30467 207
30443 30472 86
30452 30494 274
30463 30481 131
30476 30506 181
30485 30487 247
30498 30533 254
30501 30542 61
30531 30552 25
30553 30594 86
30567 30575 287
30578 30587 165
30580 30621 173
30587 30626 43
30616 30628 45
30639 30652 66
30667 30686 291
30682 30706 253
30698 30703 110
30713 30734 188
30732 30764 158
30745 30777 75
30756 30799 118
30782 30809 43
30808 30844 6
30835 30856 197
30840 30851 229
30868 30891 35
30883 30931 272
30913 30960 62
30943 30962 179
30972 30982 118
30998 31032 87
31025 31033 252
31047 31048 240
31056 31064 62
31066 31088 271
31087 31133 100
31090 31117 24
31115 31144 79
31144 31167 256
31155 31164 151
31169 31197 207
31181 31217 202
31205 31222 286
31228 31254 230
31247 31273 111
31268 31287 79
31293 31323 189
31300 31334 256
31323 31346 284
31324 31330 96
31342 31378 23
31354 31391 188
31368 31402 116
31393 31429 155
31399 31435 167
31424 31459 270
31436 31472 24
31463 31503 101
31486 31528 234
31511 31548 127
31514 31564 114
31533 31545 229
31560 31605 109
31584 31629 213
31611 31622 278
31636 31651 196
31665 31694 38
31670 31671 277
31694 31703 125
31704 31727 76
31719 31757 51
31743 31788 245
31772 31820 141
31774 31816 42
31802 31833 68
31806 31815 104
31828 31840 213
31852 31865 215
31868 31917 125
31881 31896 280
31898 31920 159
31898 31921 121
31910 31913 272
31925 31941 205
31929 31951 113
31943 31947 91
31955 31997 92
31965 31990 140
31979 31981 218
31987 32030 124
32003 32028 212
32032 32064 180
32039 32043 209
32067 32078 139
32091 32096 58
32111 32136 132
32120 32170 147
32135 32179 138
32147 32170 166
32148 32190 197
32158 32173 3
32184 32197 124
32191 32233 286
32220 32235 231
32248 32254 235
32275 32293 125
32287 32318 10
32295 32298 142
32306 32309 5
32308 32336 138
32322 32341 89
32343 32362 249
32370 32412 78
32373 32395 156
32390 32413 269
32417 32422 295
32439 32474 217
32447 32497 132
32455 32489 224
32469 32515 247
32495 32538 213
32500 32509 62
32502 32527 285
32512 32526 185
32521 32571 42
32524 32534 267
32525 32574 267
32554 32598 97
32561 32586 153
32561 32583 167
32567 32607 182
32577 32616 180
32586 32596 205
32589 32622 63
32617 32632 249
32636 32682 88
32649 32671 155
32652 32653 218
32678 32701 2
32690 32699 78
32706 32741 188
32721 32761 96
32746 32790 3
32762 32774 105
32780 32793 248
32805 32813 45
32832 32858 47
32844 32868 3
32853 32868 221
32854 32873 296
32855 32873 297
32855 32856 210
32861 32878 85
32861 32901 34
32870 32914 104
32899 32932 160
32911 32933 208
32928 32948 151
32948 32981 29
32959 32993 84
32966 32979 52
32975 33007 193
32990 33038 204
33017 33067 202
33039 33042 226
33064 33072 194
33084 33110 43
33096 33103 44
33118 33142 278
33123 33170 37
33147 33184 23
33173 33209 248
33185 33195 270
33187 33236 66
33195 33211 171
33211 33232 96
33223 33254 3
33252 33283 215
33278 33309 81
33292 33308 231
33297 33331 171
33308 33321 91
33313 33353 240
33325 33360 147
33348 33358 246
33372 33418 168
33381 33407 92
33398 33438 143
33406 33452 191
33416 33456 273
33418 33446 243
33434 33464 5
33457 33505 81
33477 33501 25
33500 33532 97
33502 33552 20
33510 33522 288
33526 33546 4
33550 33598 139
33569 33593 294
33575 33607 160
33584 33633 21
33597 33629 158
33616 33636 272
33626 33659 238
33643 33662 33
33669 33703 88
33693 33712 286
33694 33730 227
33724 33736 235
33736 33741 74
33760 33802 257
33766 33768 9
33773 33817 106
33790 33797 27
33819 33831 53
33845 33876 25
33869 33905 215
33879 33899 289
33891 33909 38
33918 33924 21
33923 33953 42
33928 33955 107
33935 33983 197
33952 33958 14
33958 33980 67
33983 34012 78
34012 34020 214
34012 34028 296
34014 34044 189
34030 34062 203
34050 34069 167
34056 34076 268
34084 34096 252
34085 34093 158
34110 34146 225
34130 34145 219
34149 34170 25
34170 34202 175
34172 34204 49
34194 34226 102
34199 34242 65
34226 34227 48
34228 34269 253
34230 34250 285
34247 34248 2
34255 34261 61
34283 34312 254
34297 34340 235
34297 34308 227
34321 34363 140
34341 34364 81
34360 34372 198
34381 34415 161
34408 34424 170
34425 34449 297
34426 34461 5
34440 34448 140
34470 34519 9
34481 34508 94
34502 34511 141
34520 34525 249
34530 34534 126
34547 34567 42
34556 34600 125
34585 34587 80
34599 34618 98
34606 34616 255
34609 34638 59
34622 34649 208
34625 34655 51
34641 34666 272
34643 34671 259
34647 34688 251
34654 34657 145
34680 34695 201
34703 34715 79
34725 34761 222
34736 34777 192
34746 34789 86
34754 34794 32
34769 34794 294
34788 34800 213
34804 34835 227
34820 34847 145
34845 34847 177
34875 34907 158
34896 34943 193
34897 34920 98
34921 34954 26
34931 34972 264
34955 35004 44
34955 34964 77
34958 34988 43
34959 34971 224
34982 35003 230
35011 35060 130
35031 35049 35
35056 35105 203
35084 35133 223
35084 35109 105
35105 35108 99
35106 35149 68
35125 35135 280
35149 35198 95
35179 35221 271
35184 35188 224
35199 35229 164
35214 35255 290
35218 35233 294
35244 35265 63
35244 35257 25
35250 35299 103
35278 35313 85
35295 35304 147
35304 35305 105
35327 35331 181
35347 35388 83
35363 35397 66
35384 35407 267
35408 35439 10
35409 35445 157
35434 35469 159
35436 35475 263
35447 35487 117
35465 35478 170
35493 35514 176
35513 35560 156
35537 35585 24
35567 35596 149
35595 35629 81
35610 35618 29
35619 35620 70
35647 35673 241
35667 35681 81
35669 35704 67
35673 35715 10
35700 35709 95
35730 35755 184
35748 35784 277
35751 35795 33
35751 35800 239
35768 35795 180
35784 35811 25
35808 35814 272
35823 35859 69
35832 35843 99
35860 35883 178
35869 35875 114
35872 35914 23
35883 35901 85
35885 35918 30
35907 35951 134
35929 35975 105
35950 35986 251
35962 35984 55
35971 35998 281
35977 35985 160
35997 36028 81
36004 36011 249
36022 36052 119
36047 36076 283
36054 36095 59
36055 36076 261
36072 36092 252
36101 36123 90
36123 36132 21
36123 36128 209
36144 36150 81
36165 36207 17
36169 36180 185
36198 36199 38
36225 36264 295
36231 36265 166
36245 36248 14
36252 36286 259
36281 36307 164
36286 36318 187
36316 36360 198
36344 36351 3
36345 36361 202
36369 36395 67
36389 36410 39
36410 36453 230
36411 36433 220
36441 36482 185
36458 36498 23
36474 36518 35
36481 36492 130
36498 36504 84
36512 36535 224
36516 36518 54
36544 36589 81
36551 36574 300
36581 36620 19
36594 36624 235
36594 36605 104
36622 36648 109
36652 36671 35
36660 36692 117
36663 36694 23
36669 36686 77
36697 36729 195
36726 36770 152
36749 36761 121
36752 36783 252
36771 36784 165
36792 36821 128
36813 36842 179
36818 36838 255
36832 36845 98
36837 36885 161
36840 36847 91
36846 36869 254
36875 36904 288
36895 36924 56
36913 36947 39
36925 36959 59
36947 36978 287
36952 36984 165
36966 37014 109
36977 36992 270
36985 37027 116
37005 37050 241
37032 37080 294
37039 37078 280
37056 37085 79
37064 37112 294
37066 37100 164
37090 37127 161
37106 37130 291
37132 37174 118
37158 37187 28
37186 37233 253
37192 37216 93
37195 37239 104
37204 37248 223
37211 37246 49
37212 37233 287
37219 37227 162
37249 37272 113
37258 37266 289
37285 37325 137
37298 37307 145
37321 37369 55
37326 37374 143
37326 37374 131
37356 37357 265
37380 37384 219
37394 37402 199
37405 37406 233
37433 37448 287
37453 37492 152
37455 37494 85
37457 37485 292
37468 37486 157
37486 37528 124
37488 37533 229
37517 37567 170
37541 37547 236
37545 37558 299
37555 37569 147
37560 37591 168
37583 37601 291
37592 37613 241
37601 37640 66
37602 37603 218
37602 37628 266
37611 37659 37
37618 37661 24
37630 37659 295
37631 37669 4
37632 37635 162
37640 37655 139
37651 37691 120
37665 37686 129
37667 37706 227
37672 37683 266
37673 37675 263
37681 37706 280
37682 37697 298
37682 37706 61
37687 37695 111
37704 37746 122
37717 37723 251
37726 37746 85
37746 37782 160
37757 37770 298
37760 37763 1
37787 37818 4
37802 37804 31
37808 37844 135
37830 37835 292
37837 37839 266
37843 37891 169
37858 37883 278
37886 37890 169
37904 37931 256
37922 37928 233
37925 37950 149
37948 37966 94
37949 37964 150
37973 37981 269
37980 38005 6
37992 38005 223
38013 38017 272
38042 38092 86
38068 38075 50
38088 38116 185
38106 38121 11
38108 38129 4
38129 38176 70
38139 38171 210
38163 38190 268
38183 38195 99
38193 38206 192
38213 38236 118
38226 38257 118
38247 38266 195
38265 38294 202
38279 38316 54
38287 38320 99
38293 38313 270
38300 38335 170
38305 38323 3
38331 38369 256
38336 38380 20
38340 38352 170
38368 38393 225
38396 38445 169
38423 38463 245
38428 38439 225
38456 38480 127
38458 38480 272
38471 38519 192
38473 38495 139
38502 38509 31
38510 38518 164
38521 38547 49
38529 38544 178
38541 38581 38
38558 38568 127
38564 38583 67
38575 38611 19
38583 38612 147
38603 38643 155
38606 38637 61
38622 38665 171
38638 38649 88
38648 38660 187
38671 38694 38
38677 38723 292
38699 38724 29
38702 38747 235
38704 38738 68
38725 38744 94
38732 38752 95
38754 38779 259
38783 38822 99
38809 38855 85
38831 38870 6
38844 38889 199
38861 38909 103
38875 38879 249
38895 38941 162
38915 38928 40
38927 38949 221
38929 38973 222
38948 38951 260
38948 38965 61
38954 38994 2
38956 38958 94
38965 39007 20
38978 38983 193
38980 39012 286
38991 38997 86
38997 39007 72
38998 39020 277
39010 39025 87
39031 39038 41
39056 39095 246
39074 39112 9
39075 39121 7
39084 39089 299
39111 39156 215
39138 39176 28
39161 39196 247
39172 39186 101
39182 39202 40
39186 39227 176
39186 39231 266
39191 39219 43
39214 39237 298
39214 39216 284
39232 39266 100
39237 39239 250
39267 39311 46
39278 39311 17
39278 39326 16
39285 39324 197
39303 39318 109
39324 39356 198
39350 39356 216
39354 39359 95
39375 39415 207
39395 39433 253
39395 39442 53
39412 39452 213
39420 39461 220
39442 39443 185
39443 39452 195
39445 39478 226
39459 39498 211
39473 39486 108
39475 39478 102
39493 39512 73
39513 39543 111
39518 39557 69
39531 39571 86
39542 39590 199
39546 39572 60
39546 39570 281
39573 39575 197
39587 39633 96
39604 39621 288
39631 39671 261
39657 39658 88
39687 39722 130
39693 39726 223
39716 39752 118
39739 39761 130
39767 39772 225
39796 39804 233
39805 39849 170
39818 39838 140
39834 39870 93
39849 39863 299
39878 39906 90
39889 39936 164
39904 39928 158
39923 39963 4
39936 39950 202
39962 39981 182
39981 40014 74
40004 40048 260
40020 40053 7
40038 40065 209
40040 40079 209
40049 40085 177
40062 40088 35
40087 40106 255
40108 40153 54
40109 40120 84
40109 40115 135
40115 40119 32
40130 40162 161
40139 40175 119
40150 40160 157
40152 40192 300
40165 40190 248
40166 40168 120
40195 40236 255
40203 40241 16
40223 40226 27
40250 40264 205
40258 40264 180
40279 40324 275
40302 40320 167
40330 40360 208
40342 40359 42
40360 40364 57
40362 40409 258
40385 40416 282
40409 40451 205
40433 40477 278
40455 40496 263
40465 40501 80
40494 40496 56
40499 40521 253
40523 40527 176
40531 40565 256
40553 40567 238
40556 40576 41
40576 40588 153
40591 40616 119
40615 40661 188
40638 40661 9
40638 40681 164
40656 40671 181
40658 40671 235
40667 40708 270
40696 40733 9
40711 40753 112
40711 40751 50
40725 40755 153
40740 40763 147
40751 40787 170
40777 40794 80
40800 40816 12
40821 40851 142
40844 40854 225
40862 40882 10
40888 40933 111
40888 40901 13
40917 40925 269
40928 40971 92
40943 40967 178
40951 40953 151
40979 40995 63
40983 41020 61
40986 41012 189
40997 41005 132
41012 41062 11
41030 41070 185
41060 41068 36
41089 41120 69
41100 41132 115
41125 41163 231
41152 41188 258
41155 41168 62
41166 41201 108
41190 41224 223
41212 41248 141
41226 41234 222
41254 41279 203
41254 41257 215
41256 41293 300
41257 41261 86
41258 41265 161
41274 41306 230
41300 41330 175
41311 41351 52
41327 41331 286
41335 41359 165
41363 41394 86
41390 41437 115
41394 41440 293
41394 41431 48
41423 41443 284
41431 41468 4
41455 41465 82
41464 41480 155
41475 41498 150
41491 41507 15
41496 41524 196
41517 41522 136
41527 41568 183
41532 41574 138
41546 41559 142
41563 41610 258
41570 41607 139
41579 41618 76
41593 41627 34
41595 41621 99
41605 41638 285
41617 41626 245
41640 41658 24
41661 41673 250
41666 41692 25
41693 41725 173
41702 41719 123
41732 41769 25
41733 41734 47
41743 41790 83
41773 41811 247
41801 41837 202
41817 41833 223
41829 41859 81
41852 41874 245
41854 41896 153
41877 41899 218
41884 41893 10
41901 41917 245
41906 41932 120
41926 41954 244
41950 41995 69
41953 41968 205
41983 42022 236
41996 42033 283
42025 42061 100
42055 42101 124
42059 42098 234
42078 42111 246
42100 42139 296
42106 42153 146
42135 42155 226
42136 42162 155
42156 42185 33
42167 42215 288
42183 42196 13
42202 42251 288
42229 42276 238
42249 42282 146
42255 42256 65
42269 42274 255
42296 42331 272
42312 42324 47
42322 42354 111
42343 42372 181
42369 42405 23
42384 42433 46
42413 42463 58
42432 42461 275
42454 42466 175
42469 42474 153
42494 42516 23
42509 42550 119
42510 42548 191
42537 42579 260
42564 42595 136
42586 42619 126
42607 42630 6
42632 42661 86
42640 42682 6
42658 42697 12
42686 42726 29
42705 42728 97
42706 42744 227
42707 42726 201
42727 42746 199
42731 42737 164
42732 42769 269
42746 42751 200
42746 42779 209
42753 42789 230
42766 42815 126
42785 42811 93
42786 42804 122
42797 42814 188
42802 42805 299
42821 42848 13
42834 42864 236
42856 42879 196
42857 42907 89
42859 42892 56
42874 42913 226
42886 42905 281
42890 42891 181
42905 42916 286
42923 42930 64
42933 42951 199
42948 42993 196
42959 42963 252
42982 43025 118
43001 43048 78
43029 43065 234
43045 43090 176
43070 43109 168
43078 43095 73
43084 43087 176
43087 43088 114
43117 43134 65
43122 43140 212
43144 43156 25
43164 43186 280
43172 43219 154
43200 43231 4
43211 43231 192
43230 43239 288
43240 43263 300
43243 43250 252
43249 43262 43
43258 43290 136
43271 43292 258
43277 43304 239
43286 43325 41
43291 43327 39
43313 43350 83
43333 43375 298
43358 43393 56
43365 43378 268
43392 43412 255
43408 43425 248
43430 43457 4
43436 43450 136
43458 43482 134
43459 43467 53
43483 43499 124
43511 43547 125
43523 43544 50
43547 43580 98
43557 43604 283
43569 43609 125
43574 43599 21
43585 43588 148
43595 43603 69
43599 43648 132
43619 43640 119
43630 43636 266
43656 43664 227
43680 43716 25
43697 43703 4
43702 43721 95
43732 43779 232
43732 43737 5
43738 43763 242
43755 43786 110
43762 43803 196
43792 43829 210
43807 43852 275
43815 43822 108
43829 43861 224
43843 43847 250
43865 43900 79
43866 43888 38
43871 43906 87
43890 43932 251
43895 43924 230
43901 43931 44
43916 43955 174
43941 43945 140
43959 43986 273
43964 43987 155
43981 44011 247
44003 44047 228
44023 44044 239
44026 44048 119
44026 44057 219
44044 44056 211
44071 44088 88
44092 44139 283
44098 44139 16
44120 44157 68
44146 44174 86
44168 44218 252
44185 44220 127
44192 44203 15
44192 44197 94
44195 44204 240
44203 44241 135
44227 44236 53
44227 44261 50
44242 44292 217
44255 44267 279
44280 44318 252
44280 44330 140
44309 44319 22
44326 44357 64
44346 44367 65
44360 44410 248
44368 44393 276
44371 44387 48
44396 44401 100
44408 44453 57
44433 44438 134
44442 44462 260
44445 44458 174
44462 44480 161
44471 44473 132
44497 44539 258
44509 44544 67
44521 44560 176
44522 44564 166
44539 44569 230
44541 44579 27
44559 44568 70
44570 44620 122
44582 44595 259
44590 44634 7
44613 44633 213
44640 44684 260
44640 44684 226
44666 44685 270
44683 44687 178
44683 44688 46
44705 44712 95
44708 44727 19
44732 44756 299
44753 44772 73
44778 44795 193
44800 44802 84
44800 44840 248
44825 44832 138
44843 44875 115
44861 44907 155
44862 44871 28
44869 44910 81
44875 44890 174
44894 44897 278
44917 44923 272
44938 44970 93
44954 44957 109
44972 44997 294
44978 45009 256
44993 45022 279
45017 45059 263
45022 45052 277
45027 45054 211
45051 45080 81
45074 45114 272
45099 45142 6
45116 45138 109
45139 45158 262
45168 45191 122
45168 45195 117
45184 45221 162
45210 45221 56
45234 45273 153
45236 45260 81
45244 45274 22
45270 45293 187
45283 45330 194
45295 45345 93
45317 45332 222
45346 45378 243
45361 45366 156
45369 45413 221
45385 45399 57
45401 45408 201
45412 45437 115
45422 45429 11
45441 45468 65
45451 45498 153
45477 45513 98
45492 45507 258
45498 45533 69
45528 45536 120
45557 45580 262
45565 45607 22
45579 45622 168
45580 45603 207
45582 45607 41
45604 45613 134
45615 45622 47
45619 45661 260
45640 45647 104
45647 45657 245
45651 45676 241
45656 45687 48
45674 45700 284
45690 45735 238
45717 45752 275
45721 45769 90
45749 45781 35
45768 45816 5
45786 45795 173
45805 45833 237
45807 45843 196
45819 45867 69
45823 45843 276
45836 45856 242
45852 45899 208
45862 45872 244
45890 45929 179
45918 45920 291
45934 45981 21
45945 45964 49
45954 45987 299
45970 46005 110
45975 46010 109
45995 46011 224
46024 46045 252
46027 46044 171
46051 46084 163
46076 46104 277
46084 46112 87
46112 46145 219
46133 46181 167
46147 46180 38
46151 46191 124
46168 46171 247
46173 46196 285
46194 46208 152
46197 46222 100
46227 46263 65
46237 46257 86
46241 46274 194
46262 46311 35
46279 46286 123
46297 46333 274
46303 46329 43
46333 46364 194
46348 46366 215
46370 46410 85
46384 46408 223
46404 46420 194
46414 46464 214
46420 46459 288
46430 46466 268
46452 46462 62
46457 46494 104
46482 46516 161
46497 46522 240
46514 46552 99
46544 46568 64
46571 46613 129
46599 46600 119
46619 46645 232
46635 46661 54
46644 46656 72
46646 46688 81
46647 46671 80
46664 46672 267
46685 46692 109
46696 46700 146
46724 46752 19
46752 46788 130
46770 46807 102
46785 46790 26
46788 46820 257
46801 46841 168
46807 46810 61
46815 46862 148
46816 46863 159
46842 46864 234
46842 46848 245
46848 46875 241
46870 46894 214
46880 46919 17
46890 46922 59
46911 46956 17
46913 46919 292
46928 46947 141
46949 46975 228
46966 46972 215
46981 46982 195
46986 46988 63
47007 47057 157
47026 47027 215
47035 47046 236
47063 47070 87
47069 47116 29
47085 47115 291
47088 47135 174
47103 47131 214
47115 47159 197
47134 47164 296
47147 47196 248
47170 47203 82
47189 47197 41
47211 47230 92
47211 47213 123
47241 47278 78
47246 47270 189
47259 47281 219
47282 47290 267
47304 47350 121
47322 47372 174
47352 47388 214
47357 47380 261
47358 47398 143
47377 47399 92
47401 47403 187
47427 47440 49
47428 47429 58
47445 47473 184
47461 47480 234
47468 47474 135
47498 47519 12
47520 47560 147
47543 47579 21
47563 47577 27
47589 47638 227
47592 47638 108
47602 47603 299
47615 47658 209
47629 47644 123
47646 47678 222
47671 47680 197
47687 47710 75
47708 47716 19
47709 47717 106
47714 47731 34
47723 47745 99
47739 47781 126
47769 47773 128
47776 47809 144
47785 47811 73
47799 47830 168
47811 47812 147
47833 47856 125
47846 47850 140
47863 47869 34
47867 47893 195
47877 47890 28
47878 47904 223
47880 47882 237
47885 47931 264
47896 47927 125
47906 47948 154
47921 47943 169
47945 47958 253
47973 48008 84
47988 48013 125
48012 48056 198
48038 48066 72
48056 48077 3
48067 48081 80
48091 48128 24
48104 48131 159
48106 48135 210
48106 48143 289
48113 48121 257
48120 48145 208
48138 48166 31
48155 48174 40
48159 48181 211
48167 48215 24
48197 48222 129
48203 48228 265
48228 48263 28
48243 48290 151
48262 48290 294
48263 48296 198
48281 48306 84
48287 48289 152
48290 48308 104
48304 48317 107
48306 48331 145
48311 48349 142
48327 48335 17
48350 48357 55
48372 48413 255
48372 48398 66
48402 48423 104
48431 48459 29
48435 48450 191
48458 48468 253
48460 48473 227
48484 48516 134
48484 48512 253
48485 48513 291
48498 48519 31
48519 48540 44
48537 48554 205
48561 48608 126
48587 48637 62
48588 48636 193
48614 48656 179
48623 48663 24
48650 48696 102
48677 48707 177
48686 48726 221
48706 48711 122
48734 48771 157
48743 48769 23
48772 48812 192
48781 48830 62
48799 48827 215
48824 48873 136
48844 48850 32
48871 48905 276
48889 48923 228
48912 48960 32
48929 48948 183
48947 48968 70
48963 48986 63
48979 48992 199
49003 49052 90
49027 49070 67
49033 49063 286
49059 49089 183
49062 49077 165
49090 49091 175
49119 49149 25
49120 49158 161
49150 49164 123
49173 49221 278
49183 49214 267
49208 49219 278
49223 49252 81
49228 49236 144
49232 49242 70
49259 49278 87
49270 49317 57
49300 49335 165
49324 49365 168
49345 49378 67
49373 49388 267
49389 49403 213
49411 49430 221
49418 49420 123
49421 49450 225
49422 49438 287
49434 49473 211
49438 49451 112
49444 49481 292
49462 49488 124
49489 49525 10
49509 49537 89
49515 49541 99
49521 49538 86
49541 49547 204
49543 49562 185
49559 49604 62
49560 49599 29
49560 49586 289
49564 49573 235
49594 49610 267
49624 49653 91
49638 49658 118
49668 49706 233
49683 49721 20
49699 49719 2
49712 49756 237
49733 49754 129
49738 49742 86
49757 49801 86
49765 49793 65
49779 49795 74
49790 49798 165
49820 49863 282
49833 49872 21
49853 49886 166
49859 49890 289
49874 49911 287
49886 49899 159
49897 49923 216
49914 49918 62
49914 49957 145
49938 49949 150
49952 49968 209
49982 50014 154
50002 50041 14
50003 50018 106
50015 50061 218
50029 50049 23
50049 50054 158
50058 50101 231
50078 50108 199
50084 50130 214
50114 50115 235
50144 50148 133
50145 50188 197
50170 50199 47
50172 50212 6
50193 50223 233
50213 50237 68
50235 50268 24
50247 50254 204
50261 50270 179
50266 50294 220
50295 50307 283
50303 50312 211
50328 50370 182
50343 50368 133
50352 50385 98
50366 50412 289
50374 50395 50
50396 50433 103
50425 50438 121
50433 50474 150
50453 50474 29
50464 50486 203
50477 50502 33
50484 50533 72
50490 50540 92
50503 50551 221
50533 50535 134
50559 50592 108
50562 50569 21
50566 50606 169
50588 50596 10
50605 50608 66
50630 50670 238
50638 50650 76
50654 50665 268
50672 50676 237
50693 50740 207
50693 50734 27
50720 50734 90
50730 50758 162
50730 50759 122
50754 50798 117
50782 50809 81
50805 50848 27
50818 50836 134
50844 50881 4
50854 50888 229
50857 50906 163
50881 50889 94
50897 50946 31
50926 50945 210
50928 50937 223
50931 50953 95
50952 50980 208
50955 50991 227
50974 51002 260
50987 51026 178
51004 51040 157
51012 51028 36
51035 51043 225
51052 51098 210
51058 51066 86
51083 51115 126
51097 51107 117
51102 51143 190
51130 51145 49
51159 51190 137
51182 51206 93
51212 51231 62
51216 51251 257
51246 51256 115
51262 51273 96
51273 51309 116
51296 51305 296
51313 51343 28
51332 51342 124
51354 51397 227
51354 51401 40
51371 51417 30
51394 51406 147
51397 51403 16
51425 51438 249
51443 51450 177
51459 51497 133
51481 51511 191
51485 51521 269
51488 51490 245
51489 51495 216
51508 51532 167
51538 51539 228
51542 51567 218
51566 51606 180
51574 51595 44
51574 51582 201
51585 51630 236
51605 51611 3
51628 51634 141
51648 51678 25
51674 51700 173
51686 51735 196
51708 51713 240
51715 51737 250
51738 51773 239
51742 51757 134
51753 51764 28
51776 51804 224
51783 51793 8
51810 51813 165
51816 51818 263
51823 51838 138
51840 51852 10
51864 51896 185
51869 51884 242
51874 51879 86
51879 51902 209
51885 51886 267
51899 51906 91
51907 51921 238
51927 51976 298
51949 51982 4
51963 52005 111
51986 52010 92
51991 52034 83
52008 52054 64
52030 52063 226
52051 52092 58
52057 52101 276
52058 52086 272
52082 52118 81
52085 52112 118
52091 52111 200
52091 52117 61
52107 52127 168
52112 52155 12
52127 52163 229
52138 52171 189
52153 52154 169
52165 52194 119
52171 52188 165
52177 52186 98
52192 52207 225
52219 52263 288
52224 52254 48
52231 52261 135
52241 52291 287
52268 52306 179
52288 52330 163
52289 52318 162
52307 52320 142
52316 52338 253
52341 52374 286
52369 52399 64
52374 52379 149
52398 52437 178
52406 52409 24
52419 52441 47
52419 52449 149
52447 52484 255
52460 52506 152
52488 52509 140
52517 52544 103
52528 52535 139
52548 52565 126
52573 52623 157
52591 52598 66
52600 52645 211
52604 52626 229
52611 52655 47
52629 52654 277
52636 52642 213
52642 52665 41
52649 52655 42
52652 52660 227
52664 52683 156
52668 52692 268
52680 52683 172
52705 52737 56
52717 52731 138
52746 52775 216
52770 52772 45
52774 52793 159
52782 52791 84
52791 52817 23
52807 52818 86
52830 52841 83
52853 52866 78
52857 52902 226
52879 52929 186
52903 52920 164
52922 52939 181
52948 52988 155
52974 53017 97
53003 53034 226
53015 53036 153
53029 53073 272
53050 53087 132
53078 53095 180
53102 53128 248
53121 53148 13
53129 53152 125
53136 53143 100
53148 53172 262
53149 53193 49
53165 53180 156
53175 53178 286
53188 53191 38
53191 53232 143
53201 53217 194
53217 53234 147
53240 53285 197
53252 53276 270
53278 53319 86
53296 53309 160
53316 53356 172
53342 53347 34
53358 53395 22
53384 53411 254
53393 53437 153
53402 53405 268
53428 53464 194
53437 53447 122
53456 53463 139
53465 53485 19
53469 53486 278
53496 53511 20
53497 53533 98
53519 53564 211
53520 53564 241
53532 53558 127
53556 53566 262
53559 53590 245
53573 53611 123
53581 53609 20
53604 53644 104
53632 53672 268
53639 53655 254
53658 53699 165
53675 53678 44
53677 53678 118
53696 53734 297
53715 53762 95
53724 53748 256
53727 53757 196
53755 53791 176
53779 53796 268
53797 53832 289
53807 53847 128
53810 53820 293
53820 53860 77
53839 53880 227
53846 53857 131
53848 53870 112
53851 53862 199
53858 53893 243
53858 53889 267
53885 53929 94
53907 53933 23
53917 53956 140
53930 53942 95
53942 53966 122
53972 53983 61
53991 54000 270
53992 54027 97
54010 54033 258
54011 54059 214
54037 54057 274
54065 54082 121
54087 54114 116
54109 54146 244
54135 54143 96
54148 54165 141
54175 54221 99
54202 54247 296
54213 54253 86
54217 54228 215
54224 54240 180
54240 54261 61
54266 54311 66
54277 54298 15
54303 54318 106
54333 54357 9
54351 54358 244
54373 54390 254
54394 54442 266
54423 54470 109
54426 54434 252
54432 54439 193
54448 54457 77
54469 54506 88
54484 54499 136
54490 54491 261
54491 54493 185
54492 54508 18
54507 54554 43
54515 54527 35
54526 54565 48
54537 54565 258
54565 54583 287
54584 54601 20
54587 54631 14
54598 54604 140
54606 54651 230
54607 54613 137
54636 54658 241
54662 54691 37
54692 54725 91
54712 54739 263
54728 54771 20
54758 54798 237
54760 54776 25
54777 54795 177
54800 54824 98
54826 54857 30
54834 54865 205
54836 54869 256
54857 54883 108
54857 54897 46
54871 54907 141
54880 54924 17
54883 54910 258
54894 54929 113
54903 54906 71
54928 54945 74
54931 54975 4
54944 54984 294
54970 54996 191
54998 55011 288
55016 55026 23
55046 55053 64
55074 55075 163
55087 55121 72
55112 55142 56
55117 55140 102
55119 55164 219
55122 55125 278
55125 55162 132
55148 55154 86
55148 55162 116
55152 55181 30
55168 55206 195
55180 55211 44
55209 55248 234
55231 55239 73
55249 55275 144
55249 55269 217
55265 55306 194
55289 55324 149
55303 55312 107
55318 55342 204
55330 55341 275
55352 55376 208
55362 55399 105
55366 55391 127
55388 55425 136
55407 55418 259
55422 55429 219
55433 55441 250
55452 55478 135
55457 55471 67
55463 55501 252
55470 55518 260
55500 55505 213
55522 55543 81
55545 55575 87
55566 55576 115
55588 55599 212
55605 55620 135
55617 55631 204
55632 55676 186
55655 55696 184
55667 55674 220
55693 55730 290
55719 55741 243
55728 55736 33
55741 55785 46
55748 55765 121
55756 55781 207
55777 55815 17
55791 55832 194
55819 55835 118
55832 55841 187
55842 55861 193
55863 55884 42
55883 55927 151
55886 55923 279
55916 55925 179
55922 55958 236
55939 55984 284
55962 55991 219
55979 56001 260
56008 56051 241
56035 56057 61
56059 56085 230
56083 56102 86
56092 56122 117
56114 56126 276
56114 56152 186
56143 56181 228
56146 56183 299
56158 56162 235
56161 56192 285
56190 56220 152
56209 56250 220
56232 56263 256
56253 56295 73
56282 56317 59
56288 56334 280
56305 56333 43
56328 56329 212
56349 56384 263
56375 56390 107
56384 56424 233
56401 56446 68
56428 56451 92
56443 56467 237
56458 56484 216
56464 56480 207
56484 56487 268
56501 56511 35
56510 56519 272
56528 56576 157
56548 56553 138
56574 56596 217
56594 56614 90
56612 56643 54
56642 56678 152
56667 56691 214
56676 56685 117
56698 56707 143
56725 56751 244
56752 56780 142
56760 56782 244
56769 56816 43
56799 56834 170
56817 56866 184
56818 56832 246
56834 56841 128
56848 56891 179
56852 56878 96
56866 56907 25
56882 56898 57
56891 56900 10
56904 56940 164
56925 56975 55
56938 56948 92
56968 56990 195
56993 57008 154
56998 57044 202
57028 57047 169
57054 57077 287
57055 57080 92
57071 57082 260
57084 57106 234
57095 57119 82
57113 57132 214
57115 57125 135
57145 57176 235
57154 57177 254
57176 57226 293
57188 57217 47
57213 57228 73
57217 57259 22
57220 57242 114
57237 57272 173
57238 57246 59
57261 57311 25
57282 57289 275
57283 57317 183
57294 57307 221
57313 57322 22
57323 57370 96
57335 57384 190
57361 57362 141
57382 57408 5
57392 57434 243
57408 57453 77
57437 57474 270
57456 57505 98
57465 57512 105
57489 57526 174
57508 57554 212
57537 57577 57
57537 57574 48
57538 57581 169
57559 57561 73
57562 57601 42
57587 57628 277
57600 57626 78
57610 57614 243
57631 57637 283
57656 57685 291
57681 57692 75
57696 57744 88
57726 57745 233
57756 57770 243
57759 57773 204
57770 57774 89
57775 57818 70
57797 57835 219
57823 57872 263
57846 57866 136
57855 57862 215
57863 57871 237
57892 57900 15
57898 57908 6
57900 57903 209
57925 57944 127
57937 57964 62
57959 57986 2
57987 58014 164
57992 57996 119
58004 58045 244
58009 58037 91
58011 58057 13
58023 58073 213
58046 58095 248
58073 58102 37
58100 58145 284
58103 58140 247
58116 58166 41
58146 58165 51
58172 58194 271
58201 58233 294
58215 58220 174
58232 58280 207
58235 58277 196
58237 58267 152
58260 58275 147
58279 58310 23
58304 58334 179
58324 58371 5
58351 58389 180
58354 58382 138
58383 58389 83
58403 58450 244
58417 58431 45
58434 58477 128
58448 58449 70
58459 58477 28
58483 58522 132
58485 58515 207
58491 58503 14
58509 58548 71
58512 58526 281
58522 58555 295
58545 58581 16
58557 58570 268
58573 58593 250
58579 58591 174
58605 58635 228
58608 58633 60
58613 58646 147
58626 58627 2
58653 58682 118
58682 58691 195
58696 58721 55
58724 58743 157
58743 58790 41
58752 58786 26
58754 58791 266
58783 58799 245
58793 58801 171
58794 58805 252
58805 58852 206
58811 58821 49
58811 58820 76
58828 58835 206
58846 58890 237
58870 58899 198
58896 58906 16
58920 58967 292
58921 58941 259
58943 58981 298
58943 58992 70
58957 58959 157
58960 59001 232
58967 59015 66
58978 59021 129
58992 59041 52
58993 59003 259
59013 59029 135
59028 59040 48
59045 59082 272
59064 59082 2
59091 59094 171
59091 59113 119
59119 59124 81
59135 59165 81
59137 59145 125
59153 59168 182
59167 59216 270
59167 59191 89
59167 59200 204
59180 59188 185
59205 59213 176
59221 59239 293
59251 59261 266
59254 59284 35
59284 59294 106
59305 59312 62
59319 59335 146
59323 59347 145
59345 59389 66
59351 59393 113
59373 59410 120
59388 59434 79
59415 59434 5
59422 59461 207
59441 59485 122
59459 59485 86
59474 59502 161
59488 59504 276
59510 59532 179
59519 59522 191
59524 59537 112
59524 59573 287
59547 59569 286
59555 59600 300
59560 59605 253
59581 59589 55
59592 59630 2
59606 59621 277
59606 59622 243
59635 59682 239
59641 59673 9
59650 59658 49
59654 59696 9
59665 59670 66
59688 59736 182
59717 59720 227
59738 59759 5
59744 59752 212
59769 59777 87
59793 59807 56
59799 59846 265
59816 59831 272
59843 59860 203
59871 59912 222
59882 59932 85
59901 59943 174
59914 59924 81
59943 59966 107
59972 59990 216
59992 60002 216
59996 60043 149
60002 60049 223
60009 60044 252
60025 60028 174
60030 60064 70
60042 60066 96
60072 60075 300
60095 60116 210
60120 60149 163
60136 60175 172
60161 60195 73
60177 60184 38
60205 60219 121
60205 60239 274
60228 60256 121
60255 60272 243
60280 60290 15
60281 60307 8
60284 60334 96
60290 60337 260
60294 60340 188
60294 60333 19
60309 60352 67
60329 60352 132
60336 60353 237
60365 60401 136
60366 60373 208
60380 60423 73
60382 60390 287
60410 60420 50
60417 60437 101
60445 60459 251
60463 60477 8
60476 60498 166
60500 60531 222
60520 60540 250
60520 60540 170
60546 60553 287
60576 60597 176
60588 60616 43
60604 60627 239
60629 60651 28
60657 60683 148
60666 60671 268
60696 60724 74
60711 60717 192
60733 60735 154
60754 60755 16
60768 60802 279
60777 60794 158
60798 60820 73
60817 60831 100
60821 60870 237
60837 60874 190
60848 60896 152
60856 60906 229
60870 60913 174
60899 60932 291
60909 60925 248
60915 60926 124
60928 60947 8
60957 60988 30
60962 60996 92
60982 61012 283
61008 61038 70
61010 61044 272
61039 61080 126
61043 61044 275
61043 61093 100
61054 61071 295
61069 61114 231
61098 61122 192
61122 61126 262
61150 61165 227
61153 61179 55
61176 61218 149
61198 61232 224
61219 61254 237
61230 61279 44
61236 61272 55
61264 61276 300
61282 61292 8
61308 61334 186
61335 61359 41
61353 61375 270
61364 61367 225
61365 61386 296
61371 61414 106
61375 61395 70
61381 61419 83
61383 61406 81
61409 61421 279
61426 61473 112
61437 61448 211
61448 61495 134
61458 61481 176
61462 61496 31
61478 61485 229
61494 61496 147
61514 61523 167
61533 61570 135
61535 61575 129
61542 61554 7
61557 61585 144
61564 61613 138
61584 61590 172
61604 61609 163
61626 61649 90
61651 61685 41
61662 61704 48
61664 61668 193
61673 61675 6
61701 61745 277
61721 61749 111
61727 61775 183
61731 61739 162
61756 61763 237
61760 61804 285
61788 61825 102
61794 61831 74
61813 61826 190
61825 61853 135
61829 61838 198
61859 61862 134
61883 61915 253
61909 61910 91
61932 61945 171
61950 61957 126
61965 62005 177
61985 61988 110
62003 62039 177
62024 62035 176
62047 62052 139
62068 62098 200
62077 62081 251
62084 62112 50
62089 62100 224
62113 62127 102
62120 62141 15
62147 62171 190
62176 62226 72
62201 62202 144
62223 62248 263
62223 62229 117
62247 62281 137
62271 62318 2
62281 62316 213
62299 62315 134
62327 62360 113
62327 62338 133
62338 62387 242
62353 62384 50
62370 62402 241
62375 62376 143
62392 62415 66
62415 62417 244
62436 62465 296
62447 62495 137
62477 62499 146
62487 62496 126
62490 62496 43
62512 62526 200
62517 62541 136
62533 62557 181
62541 62570 84
62565 62591 74
62565 62607 84
62566 62596 24
62580 62583 257
62580 62599 138
62603 62616 278
62625 62650 144
62645 62676 70
62664 62708 176
62675 62704 54
62686 62720 264
62688 62706 67
62705 62715 111
62712 62725 64
62723 62742 22
62751 62774 18
62778 62780 46
62787 62817 212
62795 62845 120
62821 62837 260
62824 62848 223
62848 62867 21
62860 62874 29
62888 62929 222
62890 62937 158
62906 62947 224
62933 62945 38
62951 62991 95
62970 63019 156
62975 63021 205
63005 63009 81
63007 63034 201
63015 63018 37
63028 63071 47
63047 63070 55
63064 63066 106
63091 63121 32
63116 63130 63
63134 63180 300
63149 63166 173
63164 63184 130
63188 63200 222
63216 63237 54
63225 63250 121
63251 63293 224
63265 63288 185
63277 63307 193
63283 63303 35
63300 63329 266
63304 63323 222
63321 63342 23
63328 63371 47
63352 63369 285
63370 63420 250
63376 63403 84
63389 63435 170
63413 63429 245
63419 63461 37
63437 63445 168
63443 63454 172
63455 63470 28
63477 63494 204
63478 63528 209
63505 63511 70
63513 63548 78
63538 63582 102
63544 63572 145
63548 63549 239
63570 63602 208
63587 63600 35
63589 63596 214
63602 63618 47
63627 63630 71
63634 63637 201
63645 63665 66
63655 63685 129
63678 63721 242
63683 63686 241
63699 63718 272
63728 63736 272
63747 63772 245
63750 63760 49
63766 63801 35
63781 63823 278
63795 63831 58
63801 63802 63
63810 63827 214
63825 63861 130
63839 63887 146
63844 63879 77
63869 63913 93
63893 63921 66
63902 63922 163
63931 63971 144
63954 63990 255
63974 63976 261
63976 63987 3
64002 64014 104
64017 64034 185
64033 64050 102
64039 64059 24
64060 64108 59
64089 64116 195
64107 64112 95
64112 64128 200
64121 64143 43
64146 64158 290
64156 64165 243
64172 64214 95
64200 64226 79
64229 64278 210
64258 64297 1
64259 64308 98
64285 64310 188
64293 64317 154
64319 64336 193
64332 64342 3
64355 64380 40
64372 64388 188
64375 64402 300
64375 64413 134
64397 64401 162
64412 64432 53
64414 64457 117
64426 64463 210
64452 64457 17
64467 64502 120
64471 64487 293
64487 64498 163
64493 64502 145
64498 64508 269
64517 64519 28
64543 64568 211
64544 64576 42
64550 64577 138
64567 64572 150
64571 64600 94
64597 64637 139
64623 64664 26
64624 64667 27
64650 64696 227
64668 64674 19
64684 64704 164
64695 64723 94
64703 64715 106
64711 64727 84
64741 64790 133
64763 64779 248
64769 64808 272
64780 64781 140
64792 64835 86
64818 64839 281
64841 64866 7
64852 64855 268
64853 64888 94
64883 64906 298
64902 64926 104
64920 64938 244
64947 64966 118
64957 64989 103
64980 64991 256
64996 65032 255
65025 65069 11
65028 65040 172
65044 65069 85
65067 65089 111
65077 65092 263
65082 65091 57
65088 65093 169
65110 65159 251
65113 65126 163
65123 65166 13
65147 65155 192
65176 65213 13
65206 65244 176
65228 65238 42
65232 65273 139
65239 65241 147
65240 65259 154
65251 65287 162
65258 65262 134
65263 65290 285
65273 65307 18
65276 65317 264
65280 65291 112
65310 65311 263
65313 65339 58
65326 65369 63
65336 65362 180
65363 65372 90
65377 65406 76
65401 65431 287
65403 65416 79
65427 65450 166
65454 65460 3
65473 65498 38
65495 65515 170
65496 65538 295
65522 65551 18
65540 65578 48
65567 65581 7
65580 65617 294
65597 65627 92
65604 65639 201
65614 65653 254
65635 65684 80
65645 65652 41
65662 65697 135
65692 65695 154
65709 65731 136
65718 65742 162
65742 65768 158
65742 65756 247
65762 65782 287
65791 65833 22
65811 65845 142
65811 65824 188
65823 65840 167
65832 65868 160
65862 65887 201
65862 65905 10
65872 65882 288
65885 65889 79
65887 65892 26
65892 65903 22
65903 65952 228
65926 65934 92
65931 65978 229
65937 65951 209
65959 65973 6
65969 66014 263
65971 65977 161
65993 65999 154
66006 66010 146
66009 66021 249
66017 66044 258
66038 66070 42
66061 66105 184
66068 66076 136
66084 66108 203
66114 66115 104
66127 66141 49
66152 66172 26
66158 66164 295
66173 66203 111
66182 66194 114
66203 66214 130
66205 66221 184
66231 66281 100
66259 66271 54
66265 66303 83
66276 66297 112
66302 66330 254
66324 66359 59
66346 66387 295
66376 66402 68
66385 66434 299
66404 66412 264
66427 66451 113
66448 66462 26
66475 66476 297
66499 66532 47
66523 66532 106
66552 66574 163
66556 66560 92
66583 66601 266
66605 66640 195
66634 66656 58
66636 66653 235
66643 66678 26
66661 66684 135
66666 66694 4
66666 66686 212
66693 66717 13
66718 66730 99
66722 66768 114
66736 66776 86
66738 66759 196
66750 66763 109
66774 66820 255
66774 66815 53
66801 66827 92
66819 66824 101
66843 66861 153
66844 66888 106
66861 66863 95
66889 66907 46
66891 66934 152
66913 66941 65
66941 66948 156
66959 66998 42
66973 67015 262
66986 67000 107
66989 67032 96
67013 67033 47
67026 67037 183
67041 67055 199
67048 67055 30
67073 67080 166
67089 67137 271
67116 67160 163
67123 67128 172
67146 67189 53
67167 67206 258
67189 67214 113
67205 67209 38
67219 67248 291
67232 67261 47
67242 67292 267
67258 67265 27
67272 67277 44
67276 67322 33
67280 67330 289
67291 67314 95
67312 67321 225
67316 67363 134
67345 67393 32
67349 67392 127
67354 67390 246
67363 67383 202
67387 67424 103
67390 67403 260
67416 67423 194
67417 67458 154
67439 67487 67
67455 67468 168
67470 67498 22
67474 67490 25
67482 67507 225
67487 67488 290
67487 67493 72
67500 67547 141
67511 67554 181
67520 67540 210
67543 67545 68
67557 67606 199
67570 67584 238
67586 67595 164
67615 67637 156
67620 67658 284
67640 67649 180
67648 67685 27
67651 67698 190
67652 67687 123
67653 67680 120
67658 67696 112
67663 67684 200
67691 67695 28
67697 67704 167
67700 67734 81
67725 67766 204
67734 67741 14
67757 67760 227
67777 67796 249
67796 67824 24
67800 67826 17
67814 67863 83
67821 67861 87
67831 67864 200
67846 67888 265
67871 67887 19
67894 67906 158
67907 67940 159
67908 67917 75
67916 67961 72
67933 67951 291
67934 67948 137
67942 67963 300
67949 67993 255
67974 68015 252
67993 68033 281
68010 68032 286
68031 68052 103
68044 68088 65
68050 68085 68
68050 68071 75
68052 68088 179
68076 68093 206
68099 68123 22
68113 68146 273
68128 68136 146
68138 68176 48
68168 68194 10
68185 68218 152
68208 68246 7
68238 68246 33
68257 68299 127
68266 68300 61
68270 68302 55
68296 68335 272
68314 68325 166
68327 68353 36
68337 68343 98
68353 68396 222
68357 68367 234
68383 68430 234
68406 68444 154
68426 68467 118
68456 68504 280
68482 68529 267
68489 68499 143
68519 68551 113
68536 68585 74
68546 68559 9
68569 68613 96
68587 68610 231
68595 68605 286
68595 68645 285
68608 68641 209
68637 68643 229
68663 68666 99
68665 68707 187
68676 68722 266
68678 68690 178
68683 68700 149
68696 68726 52
68698 68746 72
68705 68719 120
68717 68767 196
68718 68741 242
68745 68773 27
68750 68756 136
68750 68752 244
68780 68806 185
68799 68827 82
68820 68864 93
68837 68874 27
68839 68884 222
68856 68877 243
68879 68925 133
68902 68909 276
68913 68944 243
68928 68967 9
68958 68974 10
68959 69006 115
68977 69022 236
68984 69011 200
68987 69001 231
68992 69018 214
69015 69030 164
69039 69078 40
69044 69065 224
69054 69059 279
69067 69094 140
69077 69111 94
69083 69121 247
69103 69133 196
69124 69141 204
69151 69156 240
69155 69163 230
69185 69186 102
69206 69247 188
69231 69264 220
69238 69254 210
69241 69252 45
69252 69258 60
69274 69308 87
69292 69296 276
69299 69316 241
69322 69364 32
69339 69353 47
69357 69404 168
69378 69408 158
69394 69402 295
69409 69453 16
69424 69462 170
69428 69444 61
69458 69503 113
69467 69471 194
69480 69511 291
69482 69525 75
69509 69523 67
69511 69558 153
69518 69529 88
69535 69571 17
69540 69543 127
69570 69609 172
69585 69595 272
69586 69612 157
69615 69647 58
69631 69644 113
69636 69682 283
69666 69685 293
69674 69704 280
69687 69694 181
69706 69708 119
69722 69762 197
69742 69757 194
69761 69792 257
69788 69808 192
69814 69844 29
69842 69881 263
69872 69879 1
69887 69899 88
69907 69909 121
69919 69944 299
69942 69955 195
69952 69962 111
69959 70008 7
69989 70031 30
69992 70024 18
70003 70011 171
70019 70031 121
70045 70072 102
70074 70111 196
70103 70133 12
70105 70134 208
70126 70157 46
70130 70169 84
70156 70165 134
70185 70226 23
70204 70248 71
70212 70216 16
70234 70281 217
70234 70283 294
70243 70287 38
70252 70291 187
70271 70311 272
70286 70317 258
70306 70318 82
70329 70353 117
70356 70390 143
70377 70383 175
70379 70411 14
70395 70397 143
70402 70445 193
70413 70445 201
70434 70482 105
70450 70484 239
70450 70451 246
70474 70497 115
70483 70520 278
70500 70519 26
70502 70530 291
70530 70554 23
70558 70573 80
70587 70601 163
70609 70642 102
70613 70616 216
70613 70633 151
70621 70646 256
70623 70654 155
70640 70688 20
70646 70691 160
70669 70686 107
70697 70731 173
70712 70729 84
70734 70782 208
70754 70802 108
70768 70779 292
70796 70844 163
70820 70830 285
70825 70836 61
70831 70861 7
70853 70870 194
70881 70904 249
70909 70935 101
70930 70976 61
70951 70962 161
70952 70991 272
70956 70983 35
70978 71001 241
70982 71013 43
70991 71030 96
70993 71038 2
71023 71061 169
71045 71049 208
71069 71111 188
71070 71072 176
71098 71110 1
71120 71140 103
71140 71164 179
71141 71172 30
71169 71199 7
71183 71219 79
71193 71197 288
71208 71258 257
71221 71243 89
71245 71283 41
71269 71308 26
71271 71273 253
71291 71298 42
71309 71338 104
71315 71350 81
71329 71365 57
71342 71364 255
71370 71398 188
71371 71385 90
71385 71399 229
71405 71437 200
71431 71453 9
71443 71475 12
71452 71488 229
71474 71524 124
71493 71505 61
71520 71566 221
71539 71558 122
71539 71583 39
71560 71584 119
71562 71596 257
71574 71577 25
71579 71611 269
71609 71622 1
71609 71615 300
71629 71650 179
71632 71669 265
71643 71673 282
71646 71695 96
71670 71676 189
71681 71727 9
71710 71727 12
71730 71779 175
71735 71774 118
71746 71782 223
71771 71786 261
71796 71831 132
71802 71820 293
71823 71864 58
71841 71885 41
71857 71869 286
71864 71879 45
71880 71909 67
71909 71915 81
71920 71939 157
71939 71957 112
71955 71957 276
71974 71992 161
71985 72006 262
72004 72020 246
72024 72057 18
72048 72053 13
72054 72094 113
72055 72089 18
72061 72082 72
72088 72136 15
72088 72104 258
72104 72128 91
72128 72144 243
72138 72181 160
72156 72181 213
72170 72194 255
72200 72201 241
72200 72239 55
72227 72250 51
72254 72288 246
72264 72279 292
72289 72330 189
72306 72342 271
72319 72349 60
72321 72350 144
72332 72382 287
72343 72362 35
72361 72390 196
72381 72417 231
72391 72409 175
72418 72427 241
72432 72434 287
72459 72492 223
72467 72481 68
72495 72520 293
72521 72523 45
72527 72555 92
72535 72577 188
72562 72588 132
72579 72623 221
72583 72599 232
72587 72633 264
72606 72646 141
72617 72644 138
72647 72662 254
72661 72703 154
72679 72720 140
72699 72729 74
72721 72754 183
72732 72759 86
72748 72777 130
72761 72806 6
72766 72771 27
72770 72809 103
72780 72796 173
72805 72847 4
72819 72865 178
72846 72890 275
72861 72905 171
72865 72903 207
72872 72876 166
72882 72904 19
72887 72928 273
72893 72903 91
72915 72932 12
72944 72973 244
72973 73005 115
72975 73015 288
72989 73006 211
73013 73019 293
73016 73031 163
73016 73055 35
73046 73051 290
73049 73058 300
73050 73088 66
73080 73107 113
73086 73094 6
73101 73143 103
73131 73174 232
73158 73204 258
73185 73195 203
73197 73232 14
73214 73242 18
73218 73227 196
73226 73255 56
73232 73236 69
73258 73285 47
73283 73299 210
73283 73306 265
73309 73350 24
73327 73371 190
73353 73385 136
73366 73381 204
73380 73406 119
73397 73415 105
73400 73420 40
73424 73444 27
73454 73456 159
73461 73473 170
73481 73483 236
73485 73529 200
73491 73521 155
73496 73497 251
73525 73574 6
73528 73555 297
73541 73589 202
73558 73570 249
73583 73585 5
73602 73652 262
73624 73664 56
73653 73668 36
73671 73683 286
73677 73711 153
73687 73736 114
73707 73731 175
73714 73733 40
73717 73726 249
73741 73777 117
73759 73777 10
73768 73783 113
73792 73836 4
73798 73813 235
73799 73814 85
73813 73830 228
73840 73876 87
73858 73900 158
73877 73904 47
73881 73926 205
73883 73932 203
73891 73941 218
73903 73908 202
73913 73932 83
73931 73965 255
73960 73988 1
73966 74007 221
73966 73990 39
73970 73973 28
73984 74015 119
74004 74027 143
74026 74059 195
74038 74065 91
74056 74102 266
74083 74113 132
74085 74134 256
74087 74106 79
74112 74160 275
74125 74162 161
74126 74138 87
74146 74196 266
74168 74201 212
74191 74240 36
74212 74224 121
74218 74232 20
74243 74260 214
74249 74296 220
74262 74279 3
74290 74335 132
74294 74301 117
74324 74326 272
74331 74348 112
74339 74359 102
74367 74412 98
74389 74392 119
74413 74441 200
74434 74463 99
74457 74494 294
74485 74514 245
74493 74522 58
74493 74516 37
74520 74543 234
74542 74589 194
74558 74603 254
74566 74569 55
74588 74600 184
74594 74607 37
74616 74661 79
74624 74651 61
74644 74688 215
74672 74705 52
74692 74718 19
74697 74722 126
74703 74704 38
74723 74744 197
74732 74737 83
74756 74805 58
74772 74786 49
74796 74831 198
74819 74838 133
74827 74849 62
74828 74841 198
74846 74873 143
74876 74904 254
74898 74937 67
74913 74963 145
74927 74973 210
74932 74938 42
74956 74994 131
74985 75002 41
74998 75017 158
75019 75035 250
75036 75076 41
75045 75083 152
75051 75086 217
75074 75115 258
75081 75082 269
75109 75141 148
75133 75181 189
75138 75171 127
75161 75169 48
75162 75184 160
75182 75231 202
75182 75206 224
75206 75247 197
75210 75240 181
75221 75249 290
75232 75241 13
75252 75292 248
75273 75295 259
