5000
19 64 65
36 58 24
60 75 218
63 75 43
82 123 66
89 95 123
103 105 221
117 150 218
125 137 71
141 153 273
149 184 291
153 196 189
168 216 177
186 226 165
197 203 208
203 242 1
203 228 181
231 278 182
247 264 3
272 292 224
277 282 247
286 289 239
302 313 62
317 326 137
347 392 98
365 366 214
384 429 72
390 416 81
408 453 87
408 437 122
428 444 200
433 451 194
456 462 279
456 476 169
485 527 259
506 532 17
523 541 80
541 563 15
544 572 112
544 572 37
570 576 266
580 614 16
590 638 297
604 640 37
618 652 41
648 694 71
671 699 159
672 700 130
679 711 263
686 735 13
713 738 127
715 742 217
733 745 205
750 785 110
767 815 83
788 790 136
794 808 291
800 826 85
816 842 8
825 866 184
848 878 196
870 898 138
871 872 128
879 915 256
885 907 238
895 898 124
899 925 242
928 941 132
953 964 12
963 985 178
979 996 246
980 1003 209
991 1025 281
992 1038 74
1014 1016 157
1025 1073 188
1054 1102 298
1078 1081 284
1103 1126 80
1125 1171 17
1141 1179 203
1160 1192 47
1170 1180 228
1184 1213 83
1186 1230 48
1208 1256 298
1232 1250 292
1243 1284 204
1272 1305 163
1273 1301 280
1283 1326 189
1289 1321 209
1290 1303 232
1296 1325 249
1309 1337 133
1310 1328 280
1328 1369 176
1350 1389 83
1360 1362 172
1372 1380 1
1388 1421 7
1390 1400 241
1417 1424 93
1422 1459 154
1446 1469 78
1474 1490 123
1488 1502 176
1513 1518 266
1521 1559 160
1528 1561 254
1531 1574 271
1554 1604 261
1557 1570 210
1557 1594 213
1578 1591 275
1608 1627 286
1618 1661 212
1627 1642 231
1630 1675 219
1657 1701 147
1677 1686 143
1680 1685 176
1707 1715 82
1714 1726 190
1725 1726 35
1744 1756 86
1774 1786 201
1796 1806 160
1818 1829 217
1827 1861 178
1836 1848 7
1842 1854 205
1845 1856 287
1850 1859 288
1859 1886 11
1884 1900 21
1892 1896 86
1914 1930 151
1917 1937 198
1934 1980 63
1956 1992 85
1971 2018 207
1974 2017 147
2003 2024 60
2028 2070 6
2035 2037 138
2058 2107 94
2080 2127 104
2101 2132 283
2118 2153 77
2148 2195 110
2168 2218 17
2198 2244 13
2227 2265 101
2247 2248 1
2264 2298 282
2279 2312 92
2302 2312 268
2330 2344 169
2338 2368 143
2355 2389 59
2364 2367 256
2379 2422 30
2392 2402 213
2415 2464 288
2430 2470 188
2456 2499 208
2485 2511 126
2507 2512 89
2523 2553 22
2532 2564 241
2539 2550 19
2541 2582 4
2544 2584 147
2561 2607 90
2580 2618 288
2609 2627 82
2628 2678 192
2656 2680 148
2665 2702 211
2688 2718 260
2706 2720 209
2710 2733 199
2720 2736 119
2727 2772 300
2756 2803 1
2769 2796 122
2773 2819 157
2794 2812 58
2800 2801 62
2805 2825 213
2824 2830 221
2836 2851 265
2837 2842 214
2837 2876 240
2866 2899 112
2889 2921 70
2912 2925 56
2939 2972 190
2965 2978 98
2966 2992 178
2984 3012 261
2991 3023 215
3021 3059 115
3021 3051 204
3042 3080 122
3066 3102 279
3081 3111 182
3102 3145 260
3107 3130 180
3114 3153 299
3118 3148 280
3121 3156 49
3142 3177 123
3149 3169 137
3157 3162 218
3171 3173 94
3189 3203 158
3211 3237 3
3227 3250 140
3244 3266 92
3258 3283 90
3284 3311 184
3305 3309 211
3316 3330 58
3342 3378 232
3342 3365 82
3344 3386 289
3362 3410 249
3386 3401 138
3416 3466 70
3426 3439 233
3427 3442 84
3436 3467 176
3436 3459 114
3448 3467 66
3471 3490 264
3499 3548 127
3527 3538 140
3548 3574 63
3548 3574 109
3564 3565 250
3574 3579 31
3600 3610 133
3601 3613 168
3629 3674 103
3656 3699 269
3675 3683 55
3696 3736 217
3697 3706 115
3722 3763 36
3748 3773 24
3774 3789 205
3791 3796 100
3820 3861 120
3839 3876 15
3846 3879 223
3867 3882 29
3885 3923 291
3901 3951 184
3930 3955 54
3937 3940 75
3953 4003 39
3972 4000 234
3985 4016 235
3994 4005 156
4008 4032 77
4011 4058 220
4022 4069 43
4022 4038 299
4039 4074 207
4057 4074 228
4060 4091 212
4080 4086 246
4099 4133 5
4118 4122 281
4126 4173 117
4149 4162 142
4166 4183 138
4183 4185 275
4194 4199 131
4208 4237 228
4208 4217 296
4228 4242 43
4235 4251 264
4237 4242 38
4261 4298 53
4291 4300 127
4303 4345 173
4307 4348 221
4331 4343 167
4350 4394 86
4366 4415 51
4390 4440 257
4397 4439 132
4418 4449 292
4419 4446 212
4445 4491 74
4463 4490 151
4486 4529 228
4499 4507 221
4529 4571 24
4540 4573 223
4546 4552 176
4556 4571 262
4574 4615 197
4584 4594 286
4591 4630 207
4595 4642 111
4610 4659 208
4635 4673 242
4650 4693 291
4674 4710 145
4701 4748 145
4704 4725 223
4709 4722 268
4717 4722 3
4720 4750 129
4730 4747 132
4751 4797 158
4765 4792 170
4767 4799 151
4772 4793 186
4800 4847 283
4815 4863 101
4838 4840 250
4851 4889 109
4851 4898 174
4873 4897 27
4889 4914 197
4902 4913 283
4913 4956 188
4937 4953 214
4967 4979 170
4988 5017 284
4997 5011 243
5009 5041 243
5039 5053 271
5047 5090 250
5058 5095 74
5079 5101 185
5105 5142 291
5135 5157 237
5149 5159 21
5173 5201 284
5181 5193 195
5203 5243 298
5221 5254 188
5239 5266 288
5267 5294 213
5281 5303 75
5300 5325 167
5302 5331 78
5306 5348 294
5333 5353 275
5338 5385 156
5356 5385 250
5381 5384 2
5411 5457 8
5434 5468 70
5440 5489 270
5464 5485 298
5469 5491 66
5497 5530 30
5509 5538 80
5525 5532 236
5532 5550 37
5558 5560 102
5566 5580 74
5573 5604 92
5575 5600 3
5595 5613 156
5607 5612 161
5631 5650 268
5638 5651 221
5664 5692 223
5686 5732 13
5715 5720 221
5736 5776 32
5750 5776 239
5763 5769 180
5780 5804 50
5782 5786 159
5794 5800 112
5815 5848 111
5822 5837 220
5849 5884 283
5860 5900 112
5878 5907 226
5891 5895 99
5906 5942 239
5923 5973 23
5953 6001 196
5974 6015 93
5991 5995 82
5994 6041 186
6017 6066 61
6036 6075 190
6057 6090 164
6061 6089 134
6071 6087 94
6093 6100 54
6096 6104 68
6123 6128 98
6150 6187 156
6156 6165 90
6160 6187 30
6171 6199 35
6187 6215 19
6203 6240 175
6209 6222 144
6217 6227 290
6237 6265 58
6262 6285 136
6272 6277 52
6272 6290 165
6281 6316 270
6291 6324 38
6314 6321 223
6321 6371 92
6344 6359 213
6368 6410 286
6387 6390 296
6397 6421 45
6408 6430 272
6422 6461 196
6425 6474 292
6438 6450 20
6455 6489 286
6476 6523 282
6506 6548 255
6526 6563 217
6554 6571 54
6569 6575 150
6587 6627 245
6604 6648 231
6619 6666 286
6640 6683 214
6654 6682 241
6668 6692 192
6679 6728 208
6698 6742 37
6714 6721 50
6716 6746 292
6741 6770 148
6750 6768 46
6754 6765 48
6754 6766 203
6757 6776 144
6774 6809 257
6783 6799 165
6809 6819 214
6810 6836 189
6831 6864 175
6842 6851 282
6866 6895 115
6876 6900 209
6887 6928 51
6887 6891 56
6895 6896 208
6920 6944 258
6944 6977 115
6946 6989 28
6972 6974 187
6993 7040 229
7012 7023 223
7035 7046 146
7050 7076 29
7077 7117 27
7077 7104 296
7094 7134 146
7109 7139 199
7137 7142 214
7161 7205 226
7172 7198 153
7176 7217 64
7187 7236 248
7200 7202 222
7226 7252 255
7241 7254 291
7246 7288 185
7273 7289 115
7283 7301 229
7307 7353 56
7330 7366 15
7360 7395 13
7373 7380 229
7387 7389 204
7401 7449 3
7419 7446 10
7421 7440 175
7430 7447 205
7460 7504 76
7480 7492 66
7503 7536 171
7504 7526 21
7533 7569 236
7553 7559 19
7562 7597 191
7582 7617 63
7608 7646 231
7608 7641 221
7625 7644 297
7651 7673 161
7671 7711 153
7689 7696 109
7704 7730 259
7715 7752 159
7719 7768 120
7736 7741 244
7740 7773 64
7755 7782 58
7767 7802 84
7793 7818 259
7794 7843 125
7809 7821 139
7822 7863 237
7823 7856 110
7841 7891 71
7861 7893 61
7873 7893 289
7876 7925 273
7882 7908 156
7885 7935 244
7888 7897 188
7918 7930 10
7924 7949 231
7927 7955 139
7944 7950 73
7954 7976 52
7957 7996 270
7983 8023 277
8001 8031 169
8022 8047 177
8024 8053 101
8030 8037 87
8034 8059 90
8039 8067 7
8055 8088 91
8083 8085 186
8111 8127 216
8117 8159 169
8124 8131 293
8154 8162 288
8163 8190 22
8171 8195 220
8186 8201 142
8215 8223 49
8237 8286 297
8246 8269 56
8254 8301 124
8273 8318 164
8285 8310 14
8312 8321 178
8338 8387 143
8352 8371 75
8364 8398 83
8369 8412 77
8385 8404 52
8388 8415 166
8412 8421 272
8429 8463 144
8441 8468 97
8465 8482 261
8489 8521 258
8497 8505 65
8499 8531 86
8523 8527 23
8526 8554 26
8544 8571 82
8558 8565 168
8568 8615 29
8593 8602 144
8619 8662 298
8645 8691 39
8661 8681 23
8670 8709 236
8690 8739 13
8711 8717 119
8711 8745 72
8723 8733 61
8748 8756 278
8749 8753 75
8749 8793 245
8758 8779 297
8765 8796 31
8785 8796 137
8815 8826 229
8835 8865 80
8857 8869 5
8860 8876 148
8877 8895 132
8879 8892 247
8903 8929 224
8910 8933 292
8911 8931 73
8911 8943 261
8929 8977 226
8944 8971 49
8953 8987 114
8960 8965 167
8987 9025 260
9001 9028 88
9007 9018 175
9031 9073 110
9057 9086 23
9075 9077 210
9080 9106 221
9080 9098 96
9080 9129 62
9091 9115 281
9108 9139 229
9110 9131 250
9125 9148 199
9147 9160 111
9174 9199 76
9190 9226 155
9213 9260 37
9219 9255 93
9219 9237 282
9246 9286 144
9264 9280 88
9288 9336 177
9315 9327 135
9327 9340 217
9335 9348 152
9345 9390 252
9363 9392 262
9391 9437 289
9411 9423 199
9432 9463 79
9449 9482 135
9460 9502 152
9474 9475 29
9502 9515 247
9526 9539 184
9528 9538 226
9553 9602 198
9571 9600 74
9589 9601 200
9616 9659 126
9630 9680 126
9650 9654 211
9676 9720 37
9688 9705 64
9704 9746 11
9713 9734 36
9730 9753 72
9737 9759 195
9738 9742 230
9739 9759 57
9753 9786 122
9774 9821 295
9804 9806 182
9830 9844 290
9855 9873 132
9859 9908 79
9874 9880 25
9898 9928 276
9899 9926 77
9927 9945 159
9957 9981 43
9966 9973 164
9991 10038 274
10020 10037 36
10025 10069 82
10052 10060 68
10053 10056 49
10078 10124 68
10107 10146 222
10110 10159 234
10117 10157 92
10130 10172 157
10153 10201 165
10157 10193 25
10171 10190 53
10178 10202 145
10205 10254 50
10229 10232 163
10229 10240 69
10240 10289 248
10252 10290 118
10281 10301 122
10295 10330 285
10302 10347 4
10325 10328 206
10330 10359 47
10332 10369 234
10334 10350 289
10354 10393 157
10361 10374 249
10391 10435 12
10398 10443 90
10400 10444 216
10423 10449 227
10452 10477 194
10473 10485 298
10497 10508 156
10500 10529 123
10525 10565 107
10537 10564 145
10546 10568 97
10559 10602 171
10581 10603 274
10586 10603 141
10613 10618 101
10617 10654 247
10630 10631 210
10652 10699 56
10663 10669 261
10685 10701 53
10709 10729 29
10725 10727 121
10755 10767 279
10779 10822 77
10798 10801 253
10828 10841 194
10844 10869 208
10871 10890 183
10884 10913 279
10901 10941 119
10905 10947 263
10926 10939 165
10956 10986 195
10964 11010 70
10984 11032 260
11008 11015 38
11016 11056 279
11036 11062 202
11038 11084 166
11045 11073 154
11054 11081 257
11068 11081 140
11085 11114 84
11105 11141 121
11113 11139 255
11142 11185 205
11144 11193 183
11154 11176 217
11161 11210 21
11184 11203 89
11205 11246 1
11218 11226 60
11239 11255 171
11247 11276 46
11268 11275 125
11286 11325 172
11293 11321 296
11313 11360 115
11323 11365 178
11329 11377 123
11343 11362 101
11357 11372 254
11361 11369 78
11364 11389 83
11368 11413 143
11384 11391 177
11405 11414 218
11415 11455 18
11438 11446 171
11446 11456 21
11470 11472 93
11498 11542 275
11522 11563 173
11528 11544 253
11547 11565 225
11550 11557 286
11573 11623 247
11587 11592 196
11604 11654 263
11618 11634 273
11624 11655 230
11630 11670 76
11633 11682 144
11645 11657 263
11645 11647 225
11668 11688 284
11688 11729 47
11691 11734 135
11697 11746 190
11712 11727 22
11729 11740 251
11751 11796 253
11753 11789 137
11755 11762 20
11785 11807 34
11788 11808 82
11811 11819 210
11822 11852 45
11832 11862 9
11837 11859 87
11850 11852 22
11855 11888 67
11871 11892 199
11874 11898 152
11875 11914 128
11904 11935 47
11920 11970 283
11945 11984 138
11950 11998 221
11978 12013 183
12002 12016 131
12015 12022 98
12016 12017 73
12028 12047 134
12039 12051 147
12061 12091 97
12090 12108 94
12113 12163 174
12117 12126 239
12132 12173 132
12162 12200 108
12169 12171 104
12198 12202 207
12199 12222 141
12213 12229 221
12214 12244 247
12225 12242 20
12247 12291 142
12251 12294 170
12271 12310 286
12286 12298 85
12304 12339 173
12331 12374 145
12343 12388 185
12360 12371 139
12366 12414 14
12376 12377 123
12387 12405 202
12405 12412 134
12414 12429 204
12440 12444 115
12450 12492 207
12461 12489 230
12471 12473 219
12483 12497 2
12500 12542 244
12512 12543 140
12516 12518 238
12546 12581 229
12571 12611 9
12594 12623 137
12598 12642 253
12613 12625 106
12626 12641 284
12646 12679 197
12647 12673 51
12674 12688 140
12704 12718 269
12712 12748 116
12732 12778 27
12759 12801 196
12769 12814 243
12792 12836 164
12804 12805 247
12834 12838 100
12846 12893 287
12852 12855 76
12871 12912 29
12893 12919 143
12905 12929 192
12912 12962 12
12941 12984 99
12946 12968 105
12964 12993 192
12968 12986 91
12968 12996 4
12983 13007 283
13011 13033 230
13023 13064 77
13031 13080 240
13050 13089 233
13050 13089 208
13066 13093 103
13096 13142 98
13110 13146 203
13125 13168 254
13142 13164 262
13171 13179 26
13172 13194 121
13177 13205 217
13192 13204 122
13217 13259 101
13244 13278 240
13244 13264 240
13263 13296 206
13268 13313 173
13290 13333 59
13299 13334 13
13304 13326 57
13334 13337 133
13357 13364 213
13374 13409 174
13392 13442 71
13414 13428 182
13437 13483 46
13455 13459 222
13463 13499 2
13465 13488 236
13490 13522 87
13517 13536 270
13518 13559 283
13530 13576 91
13541 13589 138
13542 13575 105
13571 13607 243
13574 13607 40
13592 13637 144
13597 13606 69
13615 13644 130
13641 13668 267
13671 13691 91
13699 13735 220
13728 13739 31
13734 13784 197
13751 13770 212
13773 13810 94
13795 13809 80
13818 13846 197
13832 13873 21
13862 13883 152
13886 13897 263
13898 13930 221
13915 13941 133
13942 13959 179
13965 14015 94
13983 14010 250
14013 14058 16
14019 14062 181
14043 14048 259
14066 14076 241
14069 14086 171
14072 14091 104
14093 14136 200
14117 14153 149
14141 14184 231
14156 14206 101
14168 14195 151
14181 14182 257
14188 14225 118
14202 14234 84
14204 14232 17
14223 14241 45
14226 14256 165
14250 14273 270
14258 14277 65
14261 14275 227
14284 14287 226
14284 14316 34
14288 14294 150
14296 14343 270
14319 14320 209
14339 14374 271
14343 14349 230
14359 14379 224
14386 14434 11
14405 14440 162
14426 14461 291
14447 14453 211
14461 14480 107
14488 14508 63
14517 14531 156
14545 14577 80
14569 14613 203
14577 14593 42
14596 14635 70
14621 14649 184
14650 14690 217
14660 14675 56
14672 14688 173
14698 14704 63
14710 14749 276
14729 14776 15
14754 14804 268
14764 14808 47
14775 14819 126
14795 14816 236
14814 14827 298
14823 14845 108
14850 14855 168
14851 14891 56
14868 14911 276
14897 14905 52
14924 14953 15
14945 14947 287
14970 15004 231
14976 15005 111
14976 15005 208
14981 15026 87
14997 15005 296
15026 15072 103
15038 15052 135
15060 15068 12
15077 15090 133
15095 15117 98
15115 15151 31
15139 15175 261
15141 15165 297
15170 15203 278
15197 15212 183
15210 15225 251
15240 15281 108
15250 15265 249
15253 15255 76
15270 15297 116
15289 15307 106
15297 15333 41
15300 15346 209
15320 15322 15
15320 15341 95
15320 15334 92
15322 15344 146
15328 15373 150
15331 15362 141
15351 15352 297
15360 15363 61
15363 15404 150
15375 15379 71
15376 15377 55
15381 15426 137
15382 15409 129
15388 15399 37
15396 15404 3
15419 15449 47
15429 15476 130
15437 15469 266
15455 15462 220
15480 15519 59
15480 15519 100
15486 15518 96
15513 15545 66
15525 15566 257
15542 15577 60
15554 15589 87
15556 15565 43
15583 15625 215
15597 15625 216
15618 15619 119
15627 15631 279
15632 15643 90
15660 15688 261
15676 15711 268
15705 15713 62
15720 15752 146
15748 15780 49
15770 15819 230
15796 15819 51
15797 15839 77
15799 15818 57
15825 15859 13
15839 15849 84
15846 15865 118
15868 15911 144
15883 15914 227
15883 15892 288
15886 15894 38
15911 15927 162
15924 15927 27
15931 15945 262
15934 15948 222
15950 15959 232
15967 15977 180
15974 16020 133
15988 16028 256
16014 16025 229
16023 16051 20
16052 16078 79
16052 16060 136
16080 16128 76
16110 16120 96
16136 16159 69
16140 16173 120
16140 16165 11
16155 16175 283
16165 16187 106
16184 16208 222
16185 16230 243
16198 16227 183
16215 16247 65
16228 16250 269
16254 16261 276
16266 16280 192
16295 16299 160
16318 16363 130
16327 16356 290
16345 16359 225
16357 16403 253
16372 16383 91
16400 16439 169
16415 16446 273
16429 16449 30
16446 16471 202
16460 16464 203
16474 16481 110
16503 16534 263
16530 16566 175
16543 16560 187
16543 16593 33
16553 16571 75
16561 16579 232
16582 16604 2
16585 16610 149
16615 16624 286
16640 16681 185
16666 16692 225
16673 16677 287
16688 16695 125
16702 16726 248
16710 16752 64
16717 16766 126
16730 16734 118
16757 16801 44
16763 16802 58
16778 16795 181
16806 16849 208
16807 16832 120
16814 16852 236
16837 16883 298
16863 16903 147
16889 16906 43
16899 16917 150
16903 16905 275
16905 16939 55
16905 16918 253
16915 16930 226
16929 16977 265
16930 16955 28
16938 16942 71
16952 16958 234
16973 17011 2
16977 16991 94
16986 17032 80
16994 17041 162
17010 17055 240
17027 17072 16
17036 17067 125
17045 17058 58
17052 17071 286
17077 17097 70
17081 17083 42
17100 17139 280
17110 17136 222
17128 17153 28
17147 17155 205
17166 17211 58
17179 17187 268
17193 17235 231
17195 17213 252
17219 17241 261
17229 17260 287
17251 17300 65
17277 17308 123
17299 17345 10
17319 17340 231
17349 17354 212
17379 17392 94
17398 17434 215
17406 17440 273
17423 17444 137
17435 17455 160
17441 17444 183
17454 17467 250
17483 17524 141
17512 17562 21
17532 17562 247
17551 17594 74
17567 17612 176
17576 17611 50
17586 17613 4
17590 17612 163
17601 17641 287
17619 17628 22
17628 17629 56
17647 17679 24
17666 17692 281
17668 17706 83
17680 17716 261
17687 17718 150
17695 17727 121
17713 17746 221
17729 17756 103
17740 17778 155
17756 17775 239
17768 17812 243
17789 17834 235
17810 17855 136
17831 17879 260
17840 17841 278
17864 17869 100
17873 17897 101
17903 17917 161
17933 17936 213
17937 17976 151
17959 17980 105
17981 18014 137
18011 18021 3
18016 18034 1
18027 18069 161
18033 18067 53
18062 18112 49
18067 18089 212
18090 18117 29
18103 18110 285
18113 18127 208
18138 18153 146
18145 18154 203
18158 18181 133
18185 18194 218
18202 18235 115
18218 18221 10
18220 18238 94
18227 18250 206
18249 18278 147
18250 18258 291
18271 18288 58
18283 18319 271
18304 18340 27
18319 18323 1
18325 18348 212
18328 18371 112
18338 18384 252
18367 18408 28
18397 18424 213
18421 18455 149
18445 18493 153
18471 18499 150
18493 18497 131
18504 18515 232
18520 18533 82
18539 18580 275
18553 18589 191
18560 18579 260
18579 18628 280
18583 18618 268
18601 18643 77
18612 18634 151
18642 18690 87
18655 18656 135
18666 18677 93
18674 18681 211
18674 18698 161
18685 18708 8
18713 18719 85
18721 18770 230
18749 18782 94
18768 18776 247
18787 18829 285
18800 18827 93
18814 18815 237
18841 18853 237
18852 18863 160
18868 18912 87
18895 18929 276
18908 18921 277
18938 18956 176
18949 18981 164
18975 19018 152
18996 19046 29
19016 19066 172
19043 19067 79
19050 19078 290
19056 19071 265
19068 19082 147
19075 19081 280
19079 19094 102
19090 19138 18
19118 19152 205
19124 19128 297
19140 19183 111
19170 19189 198
19184 19211 151
19209 19219 252
19228 19263 112
19250 19258 112
19259 19305 258
19270 19271 291
19281 19310 160
19309 19350 140
19316 19323 83
19318 19352 103
19321 19346 163
19348 19383 133
19358 19363 251
19358 19376 246
19366 19381 164
19368 19410 87
19392 19395 272
19420 19469 279
19441 19482 46
19461 19476 133
19488 19503 123
19510 19547 130
19514 19552 296
19531 19565 218
19543 19586 151
19544 19565 163
19551 19572 261
19557 19605 33
19583 19596 186
19609 19629 38
19639 19669 163
19654 19695 262
19676 19686 260
19686 19696 258
19714 19733 16
19714 19757 96
19717 19722 44
19725 19732 262
19754 19755 263
19782 19783 23
19803 19819 110
19817 19832 114
19820 19835 31
19826 19857 57
19829 19864 138
19859 19865 36
19871 19916 193
19901 19951 147
19914 19926 292
19925 19970 171
19932 19956 195
19934 19984 230
19957 19961 182
19971 20005 87
19993 20039 217
20022 20053 101
20051 20059 107
20068 20100 15
20088 20097 162
20097 20131 250
20112 20126 173
20141 20154 247
20161 20197 283
20181 20197 171
20183 20204 40
20186 20196 207
20186 20197 264
20189 20232 163
20215 20242 255
20222 20228 5
20231 20232 256
20259 20298 190
20280 20312 16
20293 20308 273
20308 20349 179
20317 20336 84
20325 20367 273
20347 20396 75
20370 20411 2
20385 20399 171
20399 20444 104
20418 20447 32
20422 20434 262
20449 20458 240
20450 20473 218
20472 20482 117
20492 20501 239
20497 20498 76
20501 20537 214
20501 20506 101
20502 20544 222
20531 20554 263
20560 20594 242
20573 20611 252
20579 20611 159
20608 20641 139
20636 20637 263
20647 20685 201
20658 20672 64
20664 20682 190
20681 20694 224
20695 20738 281
20715 20724 54
20727 20733 139
20729 20749 209
20745 20794 185
20748 20789 212
20770 20771 218
20787 20811 258
20808 20840 260
20831 20872 229
20835 20840 127
20860 20902 4
20887 20920 299
20907 20939 18
20920 20944 194
20941 20988 217
20947 20969 140
20949 20986 148
20964 20987 196
20979 21006 170
21009 21047 278
21039 21050 284
21066 21069 237
21086 21097 54
21088 21110 38
21115 21151 228
21134 21184 52
21153 21173 70
21157 21199 268
21187 21193 235
21193 21223 232
21216 21235 53
21221 21230 254
21245 21251 34
21264 21287 168
21268 21290 235
21278 21281 286
21292 21336 182
21314 21341 293
21344 21390 296
21355 21390 184
21376 21395 140
21404 21421 19
21432 21433 218
21435 21438 37
21454 21484 262
21475 21509 57
21499 21515 16
21503 21546 214
21516 21555 234
21522 21535 229
21537 21538 263
21538 21569 45
21541 21552 96
21559 21566 185
21577 21584 243
21580 21628 104
21586 21594 116
21603 21631 294
21612 21625 116
21615 21616 62
21632 21662 275
21653 21678 245
21678 21695 158
21681 21725 84
21683 21700 268
21687 21727 205
21712 21726 69
21738 21748 240
21759 21805 126
21767 21813 246
21771 21792 262
21777 21817 35
21779 21795 216
21798 21831 205
21820 21824 236
21834 21861 132
21860 21906 101
21866 21913 112
21881 21924 1
21905 21951 292
21916 21923 267
21925 21968 262
21943 21984 82
21961 22007 297
21982 21998 182
21998 22047 31
22008 22025 255
22025 22033 117
22050 22075 242
22072 22113 142
22081 22131 296
22104 22154 36
22105 22114 236
22110 22122 174
22127 22142 3
22143 22161 190
22153 22175 130
22153 22179 246
22179 22192 2
22205 22206 252
22207 22232 148
22234 22263 20
22246 22287 74
22257 22276 28
22274 22301 81
22288 22299 239
22303 22342 52
22322 22342 152
22342 22373 153
22349 22369 72
22349 22392 288
22350 22364 13
22372 22380 231
22391 22423 226
22410 22440 56
22440 22451 148
22466 22498 228
22475 22512 205
22486 22529 52
22488 22534 131
22492 22522 245
22501 22524 184
22505 22549 117
22534 22552 46
22558 22588 72
22569 22597 70
22579 22623 28
22595 22618 280
22604 22627 90
22624 22673 56
22627 22656 19
22641 22675 84
22648 22694 29
22671 22706 294
22697 22717 260
22719 22767 251
22723 22730 92
22732 22739 144
22755 22774 226
22756 22778 262
22764 22804 132
22789 22797 234
22810 22845 144
22822 22849 121
22850 22865 291
22870 22919 64
22877 22882 160
22883 22917 108
22902 22952 254
22921 22939 201
22944 22970 157
22944 22946 86
22967 22978 26
22984 22991 235
23014 23043 82
23035 23060 293
23047 23060 206
23056 23085 212
23072 23100 186
23075 23095 109
23079 23112 264
23089 23100 269
23102 23131 190
23127 23173 264
23134 23154 288
23148 23180 3
23176 23178 280
23186 23215 209
23208 23234 234
23230 23280 146
23260 23264 78
23276 23303 33
23304 23307 120
23312 23314 73
23329 23367 117
23347 23388 266
23352 23355 281
23355 23381 124
23372 23412 58
23395 23427 64
23400 23446 27
23424 23453 240
23452 23454 271
23469 23517 198
23480 23518 238
23499 23502 62
23522 23529 237
23530 23552 98
23533 23568 163
23541 23553 69
23554 23584 123
23559 23600 281
23561 23582 246
23582 23586 189
23610 23622 10
23614 23662 75
23623 23663 279
23629 23677 140
23639 23679 125
23640 23682 9
23650 23661 91
23676 23693 131
23697 23705 80
23718 23757 216
23721 23749 223
23728 23737 76
23737 23756 194
23750 23778 3
23770 23799 211
23784 23794 205
23792 23822 152
23799 23834 250
23807 23815 110
23812 23852 180
23829 23878 51
23839 23886 297
23849 23867 136
23863 23896 212
23875 23913 160
23875 23878 296
23904 23922 287
23929 23956 233
23939 23966 199
23947 23972 120
23968 23979 215
23976 23996 230
23994 24041 295
24010 24044 188
24025 24063 119
24049 24080 29
24049 24074 283
24071 24110 78
24087 24091 265
24116 24162 166
24130 24151 280
24156 24189 272
24186 24230 295
24216 24261 61
24225 24246 52
24242 24276 141
24261 24299 270
24281 24331 172
24298 24322 118
24317 24325 240
24339 24378 17
24357 24401 2
24369 24396 78
24391 24436 212
24400 24432 248
24402 24426 252
24428 24447 10
24458 24485 225
24459 24492 242
24476 24514 6
24486 24524 143
24500 24515 168
24508 24526 162
24512 24557 253
24519 24547 194
24547 24587 114
24549 24582 111
24578 24612 44
24599 24612 286
24619 24625 216
24622 24647 239
24648 24655 34
24673 24707 250
24689 24717 24
24697 24738 11
24704 24725 137
24732 24774 289
24758 24800 40
24773 24780 91
24799 24807 284
24828 24857 215
24843 24875 191
24860 24871 241
24870 24917 194
24888 24901 204
24918 24921 291
24937 24958 154
24965 25011 34
24974 24978 28
24992 25016 165
25014 25040 296
25020 25064 3
25044 25048 212
25052 25088 284
25059 25091 219
25081 25105 242
25107 25139 198
25124 25150 79
25136 25182 138
25164 25196 24
25181 25192 278
25209 25247 71
25238 25245 247
25256 25301 42
25283 25295 63
25291 25323 11
25313 25322 126
25333 25376 94
25353 25354 277
25370 25418 98
25386 25432 110
25391 25395 187
25408 25429 195
25427 25460 114
25428 25431 78
25444 25455 142
25453 25463 221
25482 25522 177
25507 25556 38
25528 25566 58
25533 25548 99
25536 25561 230
25559 25591 201
25563 25575 20
25593 25606 8
25598 25646 83
25602 25618 290
25630 25668 81
25636 25670 274
25660 25705 181
25687 25727 105
25700 25735 159
25703 25732 42
25728 25738 92
25757 25794 175
25764 25799 15
25773 25783 183
25802 25849 239
25813 25860 63
25836 25858 250
25836 25865 262
25837 25861 168
25840 25854 225
25856 25879 21
25883 25932 264
25894 25924 155
25894 25920 109
25911 25932 221
25926 25964 262
25936 25983 282
25953 26003 37
25970 26011 113
25998 26001 242
26016 26057 11
26021 26033 134
26035 26039 106
26044 26062 246
26061 26065 261
26071 26081 234
26073 26078 108
26082 26119 93
26097 26100 213
26114 26146 158
26129 26166 111
26151 26198 80
26169 26170 168
26191 26210 142
26219 26248 252
26245 26265 17
26258 26277 254
26258 26282 136
26262 26275 32
26264 26292 31
26276 26324 212
26283 26284 54
26311 26337 22
26340 26357 201
26350 26365 36
26354 26385 212
26355 26387 15
26367 26399 96
26382 26424 22
26400 26412 6
26400 26416 103
26409 26424 218
26413 26462 258
26433 26472 169
26453 26470 153
26465 26480 142
26495 26523 146
26519 26548 230
26540 26556 6
26564 26571 112
26584 26623 70
26606 26627 194
26612 26614 111
26622 26648 217
26639 26649 49
26654 26672 159
26660 26667 168
26679 26682 163
26685 26698 69
26711 26724 271
26741 26788 249
26768 26803 131
26778 26806 92
26799 26848 166
26822 26832 85
26834 26838 250
26843 26859 191
26862 26880 52
26889 26920 111
26916 26959 286
26932 26973 274
26943 26950 135
26945 26954 275
26948 26983 232
26948 26963 170
26969 26973 221
26999 27007 158
27021 27032 133
27026 27045 83
27047 27097 201
27065 27115 283
27081 27087 126
27093 27100 206
27118 27131 48
27143 27190 172
27150 27174 237
27165 27168 87
27193 27204 82
27197 27226 2
27205 27254 98
27226 27232 145
27240 27262 101
27243 27283 156
27270 27291 231
27288 27327 191
27310 27325 6
27337 27352 155
27341 27345 84
27357 27407 179
27370 27408 56
27373 27379 185
27394 27408 213
27416 27446 188
27444 27467 53
27459 27477 130
27478 27515 238
27488 27528 23
27513 27515 39
27536 27575 112
27557 27564 125
27569 27584 140
27590 27598 84
27605 27649 277
27616 27665 86
27618 27645 141
27634 27651 199
27645 27679 17
27657 27664 270
27675 27711 227
27704 27746 208
27715 27756 90
27736 27743 183
27757 27793 57
27768 27801 7
27770 27804 94
27774 27794 3
27784 27794 269
27799 27838 229
27815 27836 177
27837 27882 270
27847 27875 167
27876 27903 9
27900 27917 46
27927 27969 142
27935 27941 48
27942 27979 174
27966 27989 294
27979 27992 126
27992 27996 123
27999 28007 180
28000 28037 109
28007 28047 137
28018 28064 167
28033 28063 261
28056 28065 42
28067 28100 87
28072 28118 29
28076 28104 226
28089 28097 137
28108 28121 233
28123 28141 149
28126 28127 259
28153 28162 253
28160 28171 79
28173 28215 67
28174 28188 89
28174 28203 119
28204 28248 250
28223 28266 215
28243 28245 209
28266 28292 284
28295 28332 183
28296 28340 26
28307 28349 132
28320 28331 289
28321 28368 235
28331 28371 220
28338 28344 120
28364 28377 94
28390 28410 225
28407 28411 95
28426 28427 290
28435 28449 258
28463 28467 252
28465 28503 21
28469 28509 165
28481 28517 285
28485 28507 251
28498 28523 286
28501 28531 96
28523 28549 64
28546 28572 266
28565 28607 12
28566 28580 283
28575 28624 9
28602 28612 192
28619 28667 134
28646 28673 161
28675 28706 108
28690 28717 100
28711 28754 233
28736 28743 157
28748 28783 259
28766 28773 136
28770 28778 212
28772 28797 232
28796 28814 257
28810 28823 57
28823 28855 244
28840 28882 124
28860 28865 44
28872 28885 206
28893 28895 95
28902 28945 266
28909 28913 28
28925 28943 183
28950 28964 103
28971 28979 86
28986 28997 157
29016 29051 218
29039 29062 243
29068 29093 48
29069 29119 253
29084 29091 88
29087 29118 265
29110 29147 213
29121 29171 65
29144 29168 26
29159 29195 285
29176 29208 241
29205 29216 171
29214 29215 119
29237 29257 66
29253 29285 236
29273 29317 131
29303 29351 140
29330 29363 220
29340 29368 211
29343 29348 182
29344 29377 134
29358 29360 49
29363 29402 22
29393 29418 190
29412 29415 258
29415 29418 246
29423 29471 7
29439 29459 107
29446 29494 153
29459 29490 178
29484 29526 152
29496 29523 227
29499 29548 184
29528 29552 79
29552 29594 124
29577 29591 269
29580 29617 103
29608 29609 262
29630 29638 119
29638 29687 164
29663 29687 277
29683 29690 128
29695 29704 264
29716 29762 219
29731 29771 184
29745 29780 43
29748 29766 259
29761 29763 146
29785 29796 31
29786 29834 46
29815 29840 171
29825 29860 13
29846 29849 235
29875 29908 290
29879 29908 281
29880 29915 167
29882 29923 107
29910 29951 148
29917 29925 28
29927 29928 171
29946 29986 136
29946 29955 198
29966 29980 90
29972 29986 295
29985 29991 109
29989 30039 8
29990 30023 239
29996 30012 187
30001 30041 4
30012 30030 116
30037 30072 9
30064 30079 84
30093 30096 205
30104 30132 184
30110 30131 267
30133 30153 158
30158 30173 133
30183 30199 221
30212 30227 66
30237 30273 184
30266 30308 145
30292 30321 282
30295 30300 61
30297 30321 135
30318 30359 125
30325 30369 91
30346 30374 24
30351 30401 152
30370 30406 193
30399 30414 275
30425 30470 109
30454 30476 267
30471 30504 286
30474 30511 80
30490 30495 20
30504 30535 185
30512 30557 33
30535 30548 290
30552 30562 239
30558 30593 177
30582 30615 259
30587 30617 147
30589 30633 245
30590 30592 62
30620 30656 21
30620 30669 32
30648 30665 185
30661 30708 247
30682 30692 49
30693 30711 65
30716 30760 285
30727 30749 175
30729 30771 248
30735 30776 9
30752 30798 226
30774 30805 168
30783 30829 125
30808 30839 56
30810 30833 239
30813 30842 296
30837 30856 130
30856 30869 295
30872 30901 14
30896 30926 44
30909 30916 117
30938 30968 222
30960 30986 299
30965 31006 299
30993 31004 76
31017 31056 296
31040 31079 104
31068 31075 227
31095 31138 95
31123 31124 184
31125 31159 247
31150 31161 73
31163 31175 180
31178 31187 251
31181 31215 26
31202 31242 217
31220 31228 266
31239 31276 57
31257 31293 160
31264 31308 210
31294 31306 220
31314 31347 182
31318 31364 124
31324 31366 154
31332 31381 137
31355 31378 100
31363 31405 237
31371 31395 231
31384 31414 128
31404 31415 183
31428 31457 290
31442 31482 292
31444 31463 127
31449 31489 32
31464 31493 63
31480 31492 183
31490 31504 132
31497 31515 127
31506 31546 102
31526 31565 276
31556 31596 71
31575 31619 109
31602 31636 154
31607 31646 220
31632 31658 72
31648 31696 194
31659 31708 102
31678 31687 253
31707 31751 77
31714 31734 253
31717 31752 103
31736 31774 187
31750 31752 17
31750 31774 220
31752 31769 58
31770 31788 289
31792 31834 127
31796 31798 181
31805 31845 17
31823 31866 24
31836 31843 120
31839 31883 110
31864 31896 43
31879 31915 285
31896 31936 155
31918 31962 113
31942 31946 283
31971 31974 199
31975 31985 223
32000 32005 139
32011 32025 112
32030 32067 177
32060 32091 76
32075 32099 220
32082 32127 247
32082 32089 97
32111 32155 246
32117 32133 26
32132 32142 161
32161 32167 128
32191 32237 86
32196 32227 168
32219 32263 47
32244 32264 149
32269 32281 172
32278 32306 57
32288 32295 92
32310 32345 217
32314 32359 77
32334 32341 241
32342 32362 149
32348 32386 270
32356 32362 148
32366 32393 277
32373 32380 232
32379 32402 23
32408 32422 277
32423 32450 182
32451 32461 285
32451 32469 50
32460 32470 245
32479 32514 265
32484 32517 5
32502 32550 83
32526 32572 30
32545 32585 189
32564 32612 151
32585 32594 62
32590 32611 162
32609 32613 235
32616 32633 227
32625 32626 275
32651 32659 149
32667 32695 90
32676 32696 163
32699 32702 234
32712 32751 45
32739 32774 161
32754 32785 88
32773 32807 70
32796 32845 257
32822 32849 211
32840 32864 248
32852 32884 180
32858 32883 284
32877 32889 132
32900 32916 150
32921 32950 15
32924 32962 151
32933 32940 96
32958 32995 249
32977 33026 189
32984 33008 105
32995 32998 64
32997 33003 234
33013 33026 82
33030 33077 69
33037 33087 177
33053 33069 167
33065 33089 253
33075 33089 74
33089 33119 285
33097 33123 221
33105 33135 34
33105 33131 234
33123 33141 248
33140 33161 258
33145 33194 81
33169 33209 11
33182 33211 193
33192 33217 56
33201 33248 277
33219 33245 13
33245 33268 196
33262 33281 40
33288 33303 73
33303 33332 96
33321 33323 118
33348 33381 258
33349 33389 296
33364 33412 174
33377 33379 45
33403 33431 78
33432 33442 232
33446 33449 223
33466 33502 197
33487 33502 132
33511 33540 14
33511 33534 113
33524 33554 234
33544 33593 283
33551 33575 157
33578 33618 248
33584 33597 267
33605 33608 248
33605 33651 265
33608 33654 43
33622 33672 137
33643 33651 13
33662 33693 72
33689 33711 152
33700 33734 222
33707 33709 289
33725 33746 60
33735 33761 68
33753 33792 235
33771 33811 110
33773 33801 189
33778 33791 115
33781 33819 72
33791 33837 300
33817 33825 128
33826 33863 120
33853 33873 169
33876 33898 155
33883 33896 278
33883 33895 58
33912 33922 153
33923 33947 63
33933 33938 291
33954 33967 12
33975 33983 64
33993 34039 180
34014 34060 173
34030 34046 58
34045 34059 70
34064 34089 42
34069 34071 74
34076 34091 153
34103 34121 12
34126 34144 215
34154 34195 89
34169 34193 264
34191 34235 119
34192 34198 67
34196 34211 100
34206 34228 29
34216 34231 134
34219 34268 139
34233 34249 161
34241 34256 7
34262 34310 178
34287 34308 20
34301 34323 198
34331 34365 87
34334 34339 111
34358 34401 287
34366 34405 10
34393 34430 9
34405 34433 12
34408 34436 145
34422 34468 99
34426 34438 248
34427 34462 259
34451 34474 160
34452 34460 150
34465 34483 282
34468 34485 226
34472 34481 300
34495 34532 29
34516 34539 290
34521 34532 12
34549 34581 111
34550 34596 274
34566 34574 114
34589 34602 113
34596 34599 35
34613 34619 47
34615 34634 262
34636 34678 113
34641 34648 76
34661 34671 50
34681 34690 192
34703 34742 193
34725 34738 113
34747 34774 63
34760 34803 79
34770 34773 297
34799 34842 299
34811 34842 198
34818 34832 263
34834 34850 106
34851 34874 182
34851 34874 148
34860 34871 222
34868 34908 34
34877 34899 168
34886 34934 248
34907 34952 264
34913 34930 279
34915 34941 215
34930 34961 176
34960 35007 74
34962 34972 270
34988 35036 195
34999 35016 240
35014 35030 22
35020 35054 203
35033 35076 78
35043 35071 39
35046 35081 37
35046 35084 259
35051 35053 36
35063 35088 71
35088 35116 241
35091 35094 46
35105 35139 165
35125 35165 214
35153 35161 46
35173 35192 172
35191 35197 105
35204 35252 139
35223 35250 222
35231 35269 296
35255 35263 239
35285 35311 221
35294 35327 218
35310 35354 281
35321 35357 232
35350 35397 242
35369 35410 155
35392 35425 125
35409 35455 167
35422 35437 41
35440 35469 72
35448 35458 210
35452 35482 147
35458 35484 237
35483 35499 229
35510 35552 163
35510 35541 26
35520 35523 108
35529 35542 44
35551 35572 261
35563 35568 12
35578 35626 228
35591 35611 298
35604 35652 14
35627 35653 105
35643 35677 192
35653 35660 235
35678 35705 230
35695 35734 258
35707 35722 256
35722 35760 88
35740 35744 126
35768 35804 76
35771 35798 178
35775 35806 39
35796 35809 82
35817 35827 278
35824 35872 147
35824 35855 48
35826 35831 161
35845 35885 273
35845 35862 103
35846 35851 143
35861 35902 188
35871 35883 166
35899 35925 122
35899 35922 102
35915 35926 277
35916 35931 179
35917 35964 77
35930 35976 78
35938 35981 195
35958 35971 84
35963 36007 104
35969 36012 237
35969 36009 78
35985 36011 100
35991 36027 299
36020 36032 141
36040 36079 131
36052 36097 38
36073 36101 230
36088 36130 121
36104 36154 245
36132 36139 3
36152 36156 83
36181 36199 177
36208 36237 173
36215 36216 159
36216 36257 235
36235 36263 61
36254 36294 34
36269 36306 111
36271 36273 156
36285 36304 98
36287 36326 43
36303 36323 50
36306 36348 144
36309 36345 198
36330 36354 204
36350 36397 29
36376 36425 21
36402 36438 169
36405 36454 4
36434 36443 94
36463 36495 193
36485 36490 241
36506 36525 110
36527 36541 109
36544 36571 252
36558 36588 105
36573 36613 259
36586 36599 33
36604 36607 154
36612 36650 282
36626 36655 172
36627 36630 225
36650 36699 216
36670 36683 187
36697 36738 263
36707 36711 28
36732 36775 19
36749 36751 167
36771 36793 228
36778 36821 225
36784 36833 29
36795 36830 98
36822 36857 121
36836 36870 111
36846 36885 60
36867 36883 277
36883 36911 147
36889 36939 96
36898 36940 66
36912 36953 118
36913 36927 178
36921 36929 219
36940 36984 50
36946 36995 272
36954 36999 92
36959 36971 63
36973 37021 99
37001 37039 177
37030 37044 104
37046 37068 124
37067 37080 75
37081 37109 215
37085 37114 193
37098 37112 14
37105 37123 24
37119 37135 43
37131 37165 8
37152 37165 194
37179 37214 212
37204 37238 254
37218 37254 267
37248 37268 240
37260 37297 88
37284 37313 176
37314 37364 113
37337 37353 137
37365 37404 103
37384 37431 194
37386 37389 180
37410 37431 110
37437 37475 169
37462 37500 17
37489 37522 129
37502 37531 78
37505 37506 5
37505 37528 74
37512 37544 291
37517 37537 82
37535 37574 168
37551 37590 194
37553 37575 31
37578 37592 161
37582 37614 72
37599 37633 140
37604 37610 106
37613 37637 197
37627 37668 229
37627 37644 106
37654 37680 192
37683 37712 190
37707 37727 10
37729 37735 235
37756 37789 188
37763 37776 175
37780 37784 179
37805 37834 9
37810 37827 145
37825 37837 235
37831 37871 221
37838 37852 273
37866 37891 74
37891 37920 258
37897 37915 191
37924 37951 296
37942 37951 147
37951 37974 270
37954 37992 107
37955 37994 108
37962 38011 17
37983 38028 126
38004 38044 85
38022 38047 42
38040 38082 149
38068 38114 18
38073 38098 156
38096 38118 213
38117 38138 138
38132 38161 260
38159 38192 174
38188 38208 271
38194 38232 210
38201 38213 192
38209 38232 26
38221 38240 250
38250 38253 206
38260 38299 190
38277 38289 25
38291 38322 7
38291 38324 76
38307 38327 179
38328 38332 162
38348 38368 12
38364 38384 25
38385 38392 43
38397 38422 74
38401 38434 264
38418 38467 89
38432 38452 133
38445 38449 267
38451 38475 20
38462 38471 162
38470 38494 243
38490 38520 284
38512 38549 221
38535 38567 226
38550 38579 258
38567 38604 239
38580 38615 199
38582 38595 230
38605 38622 86
38615 38643 17
38624 38656 111
38648 38672 292
38657 38672 95
38680 38710 3
38682 38729 208
38705 38744 228
38707 38752 62
38720 38764 1
38750 38776 89
38762 38776 216
38762 38781 172
38764 38775 40
38792 38810 125
38817 38830 267
38826 38872 95
38841 38885 98
38849 38892 95
38859 38899 264
38859 38892 262
38888 38895 224
38896 38915 67
38909 38911 24
38935 38969 204
38948 38975 279
38964 39011 252
38991 39032 227
38991 39015 13
39004 39031 267
39011 39045 111
39036 39051 210
39066 39079 22
39095 39119 43
39119 39161 200
39126 39148 251
39140 39189 99
39147 39160 36
39175 39220 117
39176 39213 144
39182 39205 2
39195 39214 3
39209 39226 208
39225 39240 11
39227 39257 205
39249 39267 250
39266 39283 111
39291 39304 144
39305 39312 216
39309 39343 198
39314 39348 159
39318 39320 252
39340 39378 37
39350 39367 64
39375 39405 273
39391 39421 102
39397 39431 170
39407 39444 178
39419 39456 142
39427 39438 278
39430 39453 214
39431 39441 14
39440 39449 2
39467 39476 141
39486 39534 291
39492 39525 272
39494 39525 58
39510 39554 49
39538 39584 238
39540 39582 31
39560 39566 67
39578 39622 3
39598 39607 33
39608 39642 243
39638 39664 240
39643 39680 103
39644 39646 114
39653 39663 17
39658 39691 80
39658 39684 86
39677 39717 250
39680 39704 19
39695 39696 177
39724 39763 186
39750 39784 99
39759 39784 255
39761 39794 181
39785 39790 32
39811 39823 85
39841 39843 81
39868 39891 273
39875 39915 3
39897 39925 186
39920 39935 111
39926 39933 115
39935 39938 194
39938 39942 275
39962 40010 244
39969 39987 190
39975 40021 68
40005 40011 253
40016 40027 263
40037 40071 295
40057 40088 2
40078 40113 210
40106 40111 25
40119 40141 108
40132 40182 69
40157 40169 24
40187 40198 257
40213 40233 74
40239 40254 32
40241 40281 28
40248 40278 203
40248 40286 163
40263 40266 5
40269 40279 95
40289 40318 166
40316 40337 12
40342 40360 282
40367 40378 254
40391 40428 124
40399 40432 24
40410 40433 240
40431 40446 81
40445 40474 135
40462 40506 296
40474 40489 242
40479 40520 21
40500 40549 125
40514 40526 34
40532 40535 148
40534 40563 23
40554 40567 69
40568 40582 56
40591 40640 295
40600 40608 196
40618 40652 253
40638 40664 274
40652 40655 296
40669 40680 142
40674 40721 191
40696 40719 241
40726 40743 229
40735 40784 281
40759 40775 218
40785 40827 115
40813 40820 245
40822 40837 35
40842 40857 90
40863 40878 287
40888 40915 256
40888 40900 292
40899 40923 155
40906 40955 276
40920 40931 180
40939 40975 160
40963 40993 127
40984 40998 242
40990 41008 203
41012 41040 217
41029 41030 290
41055 41084 104
41065 41093 153
41088 41116 284
41118 41152 52
41132 41181 139
41151 41191 80
41164 41201 106
41193 41241 143
41217 41247 65
41243 41264 180
41267 41287 223
41278 41282 207
41302 41352 57
41309 41328 24
41315 41321 18
41338 41364 64
41365 41395 267
41371 41416 83
41384 41408 10
41401 41427 203
41428 41446 194
41457 41459 250
41461 41463 100
41477 41524 35
41500 41503 130
41522 41566 239
41534 41580 172
41541 41557 12
41569 41577 80
41580 41586 30
41585 41606 166
41611 41626 110
41631 41670 135
41632 41681 203
41662 41700 107
41689 41702 140
41693 41702 24
41712 41761 176
41733 41744 221
41748 41772 158
41749 41753 207
41754 41799 258
41755 41805 232
41763 41805 129
41790 41798 66
41812 41821 284
41820 41848 113
41832 41852 280
41854 41879 233
41865 41889 207
41889 41895 286
41915 41960 235
41937 41970 195
41952 41956 8
41955 41957 10
41983 42031 247
41999 42011 31
42010 42030 212
42023 42025 81
42042 42060 214
42049 42056 277
42071 42092 130
42096 42109 64
42107 42140 248
42137 42157 69
42141 42160 45
42143 42152 172
42145 42146 177
42157 42185 270
42183 42206 1
42209 42250 139
42237 42285 199
42247 42284 24
42261 42263 114
42261 42272 28
42272 42296 298
42276 42277 95
42285 42329 240
42297 42336 87
42300 42339 163
42300 42342 287
42308 42325 273
42321 42344 267
42325 42370 82
42329 42355 15
42331 42354 174
42347 42371 199
42363 42373 278
42389 42423 210
42398 42442 193
42418 42424 271
42447 42473 226
42470 42506 71
42477 42491 244
42488 42509 8
42493 42498 17
42504 42517 153
42519 42541 289
42538 42583 130
42542 42546 57
42562 42566 34
42565 42614 89
42576 42617 138
42580 42597 208
42585 42589 120
42593 42618 293
42597 42621 4
42599 42627 58
42629 42645 234
42640 42670 122
42645 42671 136
42670 42711 119
42695 42741 83
42720 42732 104
42727 42762 215
42738 42743 195
42758 42786 256
42784 42814 68
42802 42842 115
42823 42851 155
42848 42880 117
42872 42911 292
42881 42905 220
42910 42927 88
42914 42940 285
42921 42927 113
42941 42957 130
42942 42943 70
42947 42991 141
42974 43000 254
42989 43039 271
42989 43015 141
43017 43045 47
43043 43074 9
43062 43096 2
43076 43116 143
43083 43118 176
43098 43118 297
43126 43170 51
43133 43149 28
43144 43191 274
43160 43164 227
43189 43195 120
43203 43228 181
43214 43256 1
43222 43240 23
43251 43285 134
43264 43274 66
43284 43334 129
43287 43317 244
43289 43312 151
43317 43351 288
43346 43373 55
43353 43377 105
43364 43407 34
43391 43416 269
43399 43401 263
43406 43431 268
43407 43442 74
43417 43439 215
43433 43460 143
43437 43459 210
43455 43461 5
43479 43517 23
43509 43545 239
43521 43556 213
43532 43568 105
43545 43568 71
43572 43597 48
43580 43594 70
43606 43633 250
43624 43657 57
43627 43652 49
43655 43696 191
43682 43732 43
43691 43707 270
43721 43724 146
43744 43788 299
43767 43790 106
43793 43824 14
43803 43847 19
43832 43870 213
43861 43907 145
43870 43875 56
43892 43897 20
43898 43916 30
43917 43925 264
43925 43947 242
43934 43953 29
43950 43996 215
43975 43985 63
44005 44034 186
44010 44042 235
44026 44076 45
44056 44080 141
44060 44089 176
44077 44094 45
44096 44101 61
44116 44123 283
44124 44164 143
44131 44135 187
44154 44168 17
44179 44202 150
44198 44218 132
44216 44261 202
44217 44228 231
44240 44248 224
44264 44304 162
44288 44323 228
44306 44344 271
44326 44338 54
44328 44362 279
44350 44357 25
44371 44419 151
44397 44423 218
44402 44405 278
44417 44458 55
44441 44465 227
44455 44487 25
44473 44495 81
44478 44488 59
44478 44526 3
44503 44527 219
44532 44552 153
44554 44581 93
44577 44580 237
44581 44590 179
44604 44646 30
44606 44634 195
44623 44624 51
44641 44684 263
44665 44704 126
44688 44733 171
44700 44739 45
44729 44752 119
44737 44750 71
44767 44788 109
44797 44808 140
44814 44839 227
44828 44862 68
44850 44879 187
44859 44885 118
44875 44880 107
44904 44938 238
44927 44960 7
44931 44943 194
44955 44964 15
44964 45001 273
44990 45024 26
45019 45052 272
45021 45061 296
45022 45062 173
45036 45046 54
45054 45100 61
45054 45066 279
45075 45079 63
45095 45098 188
45120 45123 175
45121 45137 195
45143 45182 28
45162 45179 76
45187 45204 238
45207 45223 50
45207 45252 194
45216 45266 173
45242 45279 73
45250 45294 160
45261 45309 89
45267 45269 140
45297 45341 181
45302 45330 261
45323 45371 146
45331 45357 124
45348 45380 86
45351 45363 44
45356 45359 187
45378 45404 177
45387 45416 253
45404 45427 4
45421 45426 38
45451 45500 107
45475 45519 162
45482 45505 231
45507 45517 277
45524 45531 104
45553 45556 200
45574 45610 105
45589 45613 236
45597 45601 260
45614 45663 260
45629 45654 109
45629 45675 208
45645 45658 74
45670 45687 205
45676 45691 216
45685 45687 9
45702 45727 43
45723 45752 299
45730 45734 247
45753 45767 182
45754 45790 171
45768 45771 238
45768 45798 198
45792 45827 293
45807 45849 262
45807 45834 5
45833 45882 246
45852 45898 104
45869 45913 59
45869 45900 224
45886 45919 54
45886 45919 33
45913 45933 92
45933 45939 91
45939 45968 254
45968 46014 126
45989 46002 245
45993 46002 198
45995 46024 141
46000 46011 236
46021 46023 146
46022 46035 106
46025 46045 146
46041 46045 96
46041 46044 222
46059 46106 27
46073 46109 194
46102 46134 31
46113 46129 171
46138 46185 8
46152 46153 78
46171 46208 223
46185 46195 66
46212 46218 238
46238 46266 113
46238 46278 288
46260 46287 196
46265 46272 102
46274 46284 282
46296 46311 181
46304 46312 264
46312 46313 197
46319 46353 61
46347 46370 86
46350 46365 20
46379 46418 75
46404 46435 104
46428 46439 219
46434 46459 231
46458 46479 125
46461 46509 116
46478 46525 151
46481 46494 255
46497 46546 193
46503 46550 236
46507 46532 31
46531 46551 36
46553 46582 156
46573 46610 17
46581 46599 186
46581 46591 96
46610 46614 290
46616 46661 163
46632 46677 170
46662 46676 264
46663 46709 119
46670 46673 226
46680 46688 69
46695 46745 102
46710 46739 184
46717 46738 155
46741 46764 77
46754 46782 184
46761 46782 197
46783 46807 221
46796 46815 139
46816 46828 51
46839 46882 276
46842 46879 62
46851 46858 159
46860 46865 184
46888 46927 51
46906 46956 61
46936 46946 279
46955 46974 174
46963 46980 143
46992 47032 217
47006 47032 181
47015 47044 147
47018 47026 145
47037 47052 199
47061 47068 213
47066 47101 231
47076 47107 74
47092 47132 37
47103 47126 103
47118 47162 48
47148 47179 83
47149 47152 154
47167 47180 11
47176 47202 193
47200 47203 287
47213 47216 185
47213 47249 4
47235 47281 192
47237 47274 261
47266 47278 113
47266 47294 126
47283 47298 84
47295 47324 53
47323 47343 55
47340 47366 142
47361 47389 124
47381 47394 73
47382 47425 278
47409 47424 59
47431 47468 265
47457 47474 151
47482 47524 240
47505 47507 274
47526 47558 108
47545 47563 110
47562 47592 130
47571 47583 70
47597 47621 252
47622 47624 94
47631 47672 174
47660 47678 266
47681 47682 131
47705 47737 256
47725 47749 276
47755 47799 146
47782 47803 260
47782 47790 127
47789 47802 71
47809 47834 123
47839 47884 75
47839 47873 79
47848 47850 57
47855 47861 65
47865 47901 31
47871 47908 82
47883 47885 219
47893 47894 164
47914 47960 297
47934 47955 83
47946 47985 104
47975 47992 129
47999 48047 3
48010 48052 268
48036 48079 97
48059 48090 51
48071 48083 254
48094 48127 175
48098 48113 188
48111 48146 255
48116 48129 73
48145 48183 31
48174 48201 149
48182 48202 123
48187 48205 200
48208 48210 268
48223 48254 175
48227 48251 68
48233 48244 211
48256 48284 287
48283 48328 230
48291 48318 94
48309 48342 292
48332 48334 219
48338 48382 287
48353 48384 224
48377 48412 89
48406 48454 16
48432 48447 65
48457 48507 25
48478 48513 247
48493 48526 112
48509 48549 191
48513 48548 257
48538 48546 31
48562 48580 196
48564 48566 250
48581 48599 92
48597 48635 214
48623 48640 267
48652 48695 125
48675 48694 221
48682 48719 115
48690 48696 117
48717 48724 72
48726 48748 291
48742 48778 34
48750 48752 33
48780 48818 292
48803 48806 223
48803 48817 189
48831 48849 92
48843 48890 176
48868 48894 201
48880 48881 284
48895 48925 164
48902 48952 215
48919 48944 239
48925 48974 193
48947 48951 165
48976 49013 256
48977 49001 112
48979 49024 150
48999 49044 199
49006 49022 280
49024 49037 7
49033 49061 151
49050 49054 247
49065 49109 286
49081 49129 62
49107 49117 295
49127 49156 119
49151 49163 220
49159 49201 211
49162 49198 147
49180 49223 234
49180 49198 149
49195 49198 42
49220 49264 280
49234 49283 92
49244 49263 173
49264 49281 295
49290 49323 161
49320 49335 50
49328 49369 123
49335 49348 5
49349 49365 130
49369 49408 142
49375 49389 61
49394 49419 133
49410 49458 88
49411 49440 259
49411 49446 244
49415 49456 173
49427 49462 182
49444 49491 80
49455 49460 269
49485 49533 216
49512 49540 217
49533 49544 209
49563 49594 91
49578 49581 164
49589 49632 116
49618 49621 157
49640 49655 116
49663 49682 143
49665 49667 247
49671 49710 97
49693 49728 293
49706 49729 204
49707 49749 273
49733 49768 231
49749 49766 145
49779 49823 281
49785 49819 47
49803 49822 203
49812 49839 98
49813 49825 199
49836 49861 72
49841 49846 133
49859 49885 39
49875 49898 139
49892 49911 148
49902 49924 55
49932 49968 35
49954 49961 214
49957 49999 223
49986 50000 234
49988 50022 31
50003 50027 79
50030 50077 49
50037 50063 77
50049 50079 223
50054 50093 52
50059 50082 212
50083 50100 219
50102 50129 178
50111 50153 160
50141 50163 97
50152 50195 42
50153 50189 246
50171 50175 248
50189 50224 107
50217 50241 139
50235 50264 39
50248 50289 296
50255 50278 146
50283 50291 52
50306 50338 30
50334 50377 230
50346 50389 18
50363 50382 46
50390 50433 180
50399 50433 198
50417 50434 158
50432 50439 30
50454 50474 91
50479 50515 238
50481 50493 231
50502 50514 291
50521 50545 190
50532 50574 95
50550 50555 106
50555 50566 44
50558 50571 133
50565 50612 66
50583 50600 117
50603 50641 3
50630 50633 175
50643 50661 277
50667 50669 253
50677 50688 273
50699 50744 254
50722 50724 286
50724 50731 70
50741 50771 277
50754 50764 111
50754 50766 116
50760 50777 151
50785 50816 80
50801 50830 275
50824 50844 277
50837 50879 243
50849 50860 117
50863 50900 2
50868 50908 300
50897 50913 199
50907 50911 271
50909 50919 34
50934 50952 197
50940 50971 175
50952 50988 105
50968 50991 92
50995 51036 259
50997 51043 86
51027 51070 218
51031 51032 199
51032 51057 284
51041 51049 161
51057 51101 166
51067 51074 27
51087 51122 219
51113 51156 214
51140 51162 223
51161 51197 67
51187 51196 79
51198 51237 94
51206 51231 146
51231 51251 297
51251 51290 229
51262 51266 74
51270 51302 55
51288 51332 85
51296 51319 132
51305 51355 6
51329 51373 66
51332 51374 210
51345 51355 222
51365 51413 212
51380 51401 215
51391 51427 181
51403 51410 281
51417 51441 278
51425 51472 172
51438 51454 38
51459 51499 77
51487 51497 224
51514 51561 183
51528 51572 99
51533 51581 197
51563 51598 252
51593 51611 265
51622 51651 230
51630 51642 166
51651 51674 136
51664 51705 136
51686 51688 95
51693 51718 33
51708 51716 257
51733 51770 125
51757 51799 218
51775 51788 153
51779 51783 183
51795 51839 126
51798 51799 31
51805 51807 296
51832 51860 36
51835 51842 296
51861 51893 103
51884 51914 265
51896 51912 66
51924 51945 291
51954 51991 69
51960 51989 247
51966 51998 76
51986 52011 76
52006 52034 264
52011 52051 8
52025 52067 148
52026 52068 45
52044 52061 132
52052 52076 240
52082 52129 228
52111 52127 189
52112 52141 151
52130 52178 41
52143 52164 17
52158 52161 159
52159 52170 75
52179 52184 98
52197 52210 2
52225 52261 256
52239 52276 182
52257 52290 271
52274 52316 91
52283 52323 258
52309 52314 146
52312 52352 246
52327 52359 110
52339 52360 228
52346 52395 75
52362 52392 116
52386 52419 242
52396 52405 281
52424 52470 245
52441 52491 175
52453 52466 79
52483 52530 52
52494 52504 61
52499 52508 94
52513 52555 216
52532 52569 93
52542 52585 182
52552 52580 168
52572 52604 42
52579 52601 46
52596 52631 72
52613 52645 246
52643 52668 32
52668 52692 162
52698 52723 236
52699 52747 185
52714 52752 221
52728 52757 2
52736 52760 21
52749 52761 48
52757 52798 1
52768 52804 161
52778 52807 278
52782 52813 202
52810 52859 160
52815 52841 107
52841 52882 11
52858 52873 134
52882 52884 148
52912 52940 281
52927 52963 90
52954 52968 293
52961 52994 77
52986 53023 158
53011 53018 160
53017 53045 248
53034 53064 251
53050 53090 86
53054 53095 169
53058 53082 177
53069 53095 131
53086 53120 247
53087 53091 140
53089 53123 65
53089 53127 198
53108 53112 100
53122 53156 54
53138 53176 266
53163 53184 244
53178 53186 150
53178 53186 35
53196 53222 114
53212 53262 219
53225 53265 69
53233 53280 148
53262 53304 194
53262 53277 159
53276 53304 112
53289 53319 5
53319 53368 203
53347 53372 40
53360 53376 11
53368 53406 158
53387 53435 286
53391 53433 241
53409 53424 242
53419 53439 296
53426 53473 49
53433 53456 282
53460 53464 225
53462 53504 279
53469 53498 162
53487 53499 228
53512 53555 214
53515 53544 118
53541 53554 281
53551 53557 180
53553 53554 76
53570 53582 200
53595 53600 62
53603 53650 145
53603 53619 243
53617 53622 57
53628 53659 51
53646 53671 84
53647 53665 29
53666 53682 52
53692 53716 178
53702 53731 230
53712 53720 215
53731 53773 281
53743 53759 293
53752 53795 87
53780 53815 42
53782 53784 1
53798 53826 10
53810 53860 189
53829 53832 253
53840 53887 175
53868 53879 21
53898 53909 219
53925 53959 74
53940 53958 299
53969 54000 265
53998 54015 169
54017 54030 170
54018 54028 71
54023 54037 3
54040 54076 8
54069 54096 162
54096 54098 190
54122 54172 86
54123 54163 58
54138 54160 92
54164 54205 65
54164 54179 10
54169 54182 275
54182 54230 148
54188 54193 84
54203 54249 95
54212 54220 260
54220 54231 16
54227 54239 162
54245 54282 292
54270 54277 121
54283 54304 240
54297 54323 274
54314 54353 239
54338 54364 163
54339 54346 249
54355 54402 244
54364 54398 136
54391 54413 105
54401 54443 103
54415 54423 164
54436 54483 209
54441 54446 141
54450 54455 237
54453 54493 137
54479 54509 99
54498 54521 80
54508 54543 274
54527 54534 1
54536 54576 159
54541 54580 224
54557 54558 56
54560 54564 177
54588 54592 227
54589 54624 27
54601 54637 249
54618 54638 271
54648 54655 214
54653 54664 269
54681 54702 176
54694 54721 198
54718 54765 300
54719 54747 153
54735 54772 44
54755 54798 48
54784 54821 300
54793 54796 272
54811 54839 217
54833 54872 37
54840 54886 56
54851 54856 271
54855 54901 256
54869 54916 238
54898 54936 267
54910 54935 133
54918 54928 90
54926 54974 22
54932 54946 177
54942 54954 152
54945 54962 87
54974 55012 182
54983 55028 298
55011 55026 244
55020 55063 172
55024 55052 286
55044 55084 232
55044 55068 89
55044 55086 256
55044 55079 105
55054 55071 293
55081 55108 235
55089 55109 96
55111 55113 235
55140 55162 163
55149 55170 18
55173 55178 57
55185 55200 32
55207 55215 227
55237 55276 289
55241 55251 97
55258 55282 192
55259 55281 137
55275 55321 235
55278 55281 143
55306 55315 90
55327 55337 256
55340 55389 45
55351 55393 16
55354 55402 274
55367 55388 115
55376 55400 113
55385 55427 266
55395 55409 61
55406 55445 49
55434 55462 16
55441 55464 103
55447 55463 155
55449 55488 129
55474 55522 174
55474 55499 136
55494 55527 274
55494 55499 300
55506 55546 11
55531 55570 41
55531 55558 68
55559 55584 143
55564 55586 258
55584 55607 190
55594 55614 18
55623 55637 87
55646 55664 49
55659 55703 132
55660 55696 89
55685 55700 53
55706 55732 203
55708 55744 289
55726 55744 283
55727 55745 232
55740 55774 252
55752 55774 153
55777 55802 163
55783 55823 274
55792 55833 54
55820 55837 156
55821 55849 89
55824 55859 171
55838 55869 123
55866 55902 268
55876 55882 86
55883 55886 99
55888 55915 103
55903 55927 111
55908 55924 200
55913 55937 17
55920 55962 224
55933 55979 97
55940 55961 26
55944 55987 45
55961 56001 85
55988 56036 229
56010 56056 134
56014 56031 228
56019 56040 275
56042 56065 60
56053 56057 51
56082 56087 36
56089 56136 222
56108 56110 123
56108 56138 41
56120 56170 265
56137 56146 193
56155 56169 50
56157 56202 284
56176 56213 35
56176 56199 186
56205 56240 206
56211 56231 139
56213 56261 7
56213 56242 280
56237 56239 4
56251 56257 210
56260 56297 22
56265 56276 167
56289 56328 55
56306 56313 165
56331 56364 12
56355 56405 109
56357 56391 36
56360 56377 216
56378 56417 157
56398 56430 97
56422 56446 223
56450 56474 10
56469 56498 8
56485 56531 293
56488 56491 193
56513 56520 86
56536 56575 128
56541 56575 100
56558 56581 209
56564 56591 88
56586 56622 76
56590 56605 135
56595 56620 280
56614 56640 176
56623 56643 265
56648 56659 30
56649 56663 292
56667 56689 53
56693 56698 8
56722 56770 132
56725 56749 43
56752 56798 162
56761 56799 2
56780 56812 71
56792 56817 60
56816 56856 18
56843 56856 288
56871 56886 221
56881 56893 164
56892 56906 259
56910 56951 122
56911 56942 74
56912 56913 92
56935 56954 267
56958 56963 72
56979 56996 149
56982 57010 115
57009 57044 287
57012 57054 112
57021 57064 153
57041 57084 182
57051 57061 247
57074 57098 220
57087 57100 194
57110 57132 124
57131 57177 94
57153 57162 120
57173 57209 147
57192 57196 217
57195 57238 128
57205 57209 27
57218 57240 222
57231 57248 35
57233 57269 144
57234 57284 29
57248 57256 179
57273 57294 150
57288 57303 193
57317 57340 203
57327 57373 120
57344 57370 240
57349 57352 54
57363 57396 127
57368 57399 138
57382 57406 265
57404 57411 246
57416 57437 225
57417 57424 133
57428 57447 137
57441 57457 248
57468 57495 292
57474 57487 291
57486 57520 86
57491 57500 129
57496 57500 146
57524 57555 88
57533 57562 151
57547 57576 259
57565 57577 47
57585 57587 12
57591 57616 176
57615 57618 256
57642 57645 217
57652 57657 149
57652 57672 239
57659 57660 93
57686 57699 79
57702 57706 244
57724 57758 157
57732 57759 240
57758 57771 193
57778 57819 22
57788 57831 186
57802 57836 122
57823 57835 141
57837 57846 84
57843 57875 238
57844 57863 223
57854 57870 237
57863 57901 43
57869 57870 104
57895 57896 104
57897 57906 6
57903 57940 81
57912 57933 186
57931 57950 151
57958 57975 216
57958 58008 38
57959 57996 148
57974 58004 273
57980 58026 122
57997 58036 66
58001 58008 179
58030 58067 227
58059 58092 120
58088 58095 201
58094 58143 256
58110 58150 5
58133 58178 12
58160 58207 300
58176 58221 261
58193 58221 147
58209 58259 163
58219 58233 128
58232 58267 229
58258 58276 288
58270 58280 136
58273 58319 29
58278 58327 44
58287 58297 285
58314 58344 197
58342 58360 249
58350 58363 53
58368 58373 220
58375 58397 99
58401 58419 59
58409 58453 275
58438 58483 80
58463 58496 7
58476 58477 277
58503 58534 191
58506 58531 209
58525 58568 234
58544 58549 115
58553 58596 227
58563 58606 127
58568 58594 119
58596 58639 200
58623 58646 177
58652 58663 185
58670 58685 298
58677 58699 20
58688 58715 49
58696 58708 118
58703 58751 178
58723 58749 86
58737 58775 18
58754 58776 179
58779 58816 82
58791 58813 87
58799 58849 239
58824 58849 13
58824 58868 184
58841 58842 171
58849 58889 245
58866 58884 128
58868 58892 85
58896 58940 51
58911 58952 114
58935 58971 49
58948 58988 189
58976 59014 148
58986 58995 80
59008 59033 228
59022 59071 107
59036 59044 277
59066 59081 219
59079 59104 111
59103 59123 236
59115 59140 195
59133 59143 165
59156 59192 66
59183 59194 189
59213 59216 30
59232 59275 153
59251 59276 51
59265 59303 148
59284 59310 259
59305 59315 299
59319 59356 192
59335 59348 199
59344 59382 117
59364 59382 258
59391 59424 33
59391 59418 118
59392 59421 91
59414 59461 263
59438 59488 165
59457 59472 207
59484 59500 150
59496 59501 101
59504 59507 225
59513 59518 206
59540 59575 257
59562 59610 125
59573 59574 235
59582 59602 171
59602 59642 217
59611 59622 148
59615 59660 41
59645 59691 81
59645 59684 164
59657 59669 273
59672 59698 110
59678 59682 72
59690 59692 208
59703 59718 250
59713 59763 180
59726 59738 65
59742 59780 34
59769 59810 269
59780 59793 88
59795 59843 260
59818 59868 169
59826 59855 41
59828 59842 266
59831 59850 231
59832 59881 51
59862 59882 297
59877 59910 109
59903 59934 102
59910 59930 119
59911 59949 20
59915 59923 37
59923 59953 149
59951 59976 118
59965 59977 158
59988 60000 271
60006 60010 282
60021 60040 283
60033 60070 242
60042 60081 114
60054 60104 149
60083 60119 299
60107 60145 106
60128 60176 192
60141 60157 30
60148 60182 11
60170 60199 202
60188 60238 58
60194 60204 101
60219 60239 139
60221 60239 289
60238 60275 50
60260 60280 298
60287 60334 1
60289 60319 29
60306 60323 253
60308 60327 149
60326 60363 166
60345 60351 98
60371 60380 222
60378 60414 155
60397 60409 1
60423 60466 205
60423 60455 70
60430 60457 18
60452 60466 176
60454 60469 152
60468 60473 208
60496 60537 22
60510 60534 19
60512 60533 246
60519 60544 206
60532 60546 170
60538 60572 221
60555 60600 27
60572 60605 192
60592 60629 197
60602 60645 187
60606 60633 84
60616 60637 144
60620 60643 224
60644 60675 234
60647 60687 158
60667 60671 175
60697 60704 244
60707 60749 26
60734 60779 224
60757 60758 271
60770 60799 82
60770 60775 32
60798 60820 229
60801 60849 67
60801 60817 106
60816 60846 4
60846 60878 89
60863 60911 116
60888 60925 154
60903 60927 291
60925 60951 183
60942 60975 206
60961 60969 32
60977 61021 19
60984 60989 239
61012 61057 219
61027 61031 58
61055 61080 95
61060 61066 279
61069 61089 30
61091 61102 261
61100 61109 167
61129 61142 36
61137 61141 194
61159 61176 238
61163 61199 161
61192 61236 16
61218 61221 137
61230 61266 71
61251 61255 214
61254 61304 290
61282 61332 32
61293 61328 290
61298 61302 265
61324 61343 277
61339 61374 201
61347 61358 147
61363 61411 252
61378 61379 166
61398 61446 160
61404 61405 27
61428 61465 293
61440 61441 77
61467 61508 1
61473 61504 136
61493 61528 130
61505 61554 199
61521 61569 276
61538 61573 11
61562 61612 249
61565 61582 134
61591 61621 229
61617 61631 298
61632 61682 139
61632 61667 176
61657 61661 129
61658 61680 81
61663 61693 238
61688 61733 70
61710 61715 78
61722 61766 103
61732 61763 129
61743 61785 217
61766 61767 13
61769 61810 37
61791 61830 279
61810 61856 255
61833 61841 70
61848 61897 56
61853 61869 15
61863 61911 181
61864 61905 252
61887 61931 74
61895 61912 230
61900 61906 108
61923 61973 24
61941 61965 33
61966 61982 298
61987 62035 94
62011 62012 224
62016 62024 29
62025 62072 220
62030 62033 254
62031 62045 141
62061 62106 288
62064 62077 168
62080 62096 135
62107 62155 199
62127 62164 107
62139 62160 117
62146 62181 288
62166 62212 15
62189 62210 130
62219 62245 175
62228 62250 92
62246 62294 281
62273 62307 206
62289 62331 253
62289 62326 155
62296 62331 59
62323 62346 275
62338 62374 161
62363 62389 284
62389 62435 11
62412 62459 167
62441 62452 212
62471 62487 221
62483 62496 137
62500 62508 113
62508 62542 182
62520 62567 1
62534 62570 67
62550 62595 124
62568 62598 122
62590 62634 177
62599 62615 205
62606 62648 119
62633 62648 207
62656 62685 226
62667 62687 191
62680 62694 43
62699 62713 211
62717 62726 93
62724 62743 168
62735 62755 163
62759 62802 52
62774 62781 82
62783 62786 207
62806 62852 215
62813 62855 32
62829 62868 167
62841 62872 66
62848 62890 63
62863 62891 55
62887 62900 101
62907 62957 297
62921 62951 174
62927 62973 140
62952 62992 7
62959 63006 227
62969 62975 5
62988 62992 271
63014 63032 197
63025 63038 263
63040 63073 185
63053 63077 185
63083 63128 90
63103 63122 152
63107 63119 192
63115 63130 27
63140 63173 157
63147 63195 243
63161 63181 297
63187 63218 215
63189 63236 182
63206 63240 140
63235 63241 168
63237 63275 109
63244 63259 58
63248 63267 32
63256 63301 146
63286 63300 282
63290 63296 247
63306 63329 196
63326 63346 257
63335 63344 237
63353 63366 137
63381 63388 71
63397 63402 57
63425 63427 212
63447 63490 72
63454 63484 35
63467 63485 134
63486 63532 148
63516 63541 43
63541 63561 117
63563 63567 47
63564 63598 247
63594 63624 133
63607 63631 11
63635 63654 61
63640 63641 81
63666 63685 253
63693 63725 3
63718 63765 120
63748 63761 283
63775 63808 22
63777 63785 46
63777 63818 140
63796 63811 153
63797 63843 195
63812 63860 81
63823 63825 184
63834 63879 69
63849 63868 264
63851 63862 27
63870 63883 283
63888 63902 132
63905 63947 100
63934 63939 74
63936 63955 169
63936 63983 100
63937 63980 35
63949 63980 31
63953 63992 215
63971 64018 284
63996 64001 111
64018 64043 115
64044 64074 207
64052 64056 84
64063 64084 6
64072 64085 209
64099 64145 297
64099 64112 76
64100 64126 200
64130 64162 181
64147 64172 141
64154 64201 6
64155 64197 253
64161 64180 120
64188 64204 29
64189 64229 186
64205 64219 135
64211 64229 291
64213 64237 152
64228 64230 131
64239 64241 88
64246 64252 120
64254 64284 126
64262 64296 276
64286 64295 45
64302 64322 239
64326 64345 118
64326 64360 162
64338 64356 40
64342 64374 107
64369 64405 35
64394 64413 135
64415 64427 296
64445 64464 18
64461 64510 300
64484 64527 223
64507 64553 251
64521 64524 106
64549 64572 78
64570 64580 268
64584 64618 195
64590 64608 36
64601 64637 37
64612 64615 244
64635 64652 163
64639 64678 218
64650 64654 40
64659 64689 199
64673 64695 231
64700 64722 246
64714 64754 73
64722 64733 283
64728 64765 11
64754 64764 47
64757 64758 179
64759 64792 117
64768 64810 219
64768 64783 8
64775 64787 212
64802 64829 137
64819 64833 171
64845 64860 55
64853 64881 246
64857 64861 72
64884 64930 57
64902 64951 83
64925 64945 54
64925 64946 256
64935 64958 294
64953 64997 101
64967 65003 10
64967 64968 168
64995 65044 84
65003 65010 292
65012 65032 197
65016 65034 55
65025 65031 95
65029 65071 281
65055 65064 186
65064 65085 287
65079 65118 249
65099 65101 203
65109 65156 43
65125 65142 151
65137 65144 274
65143 65178 57
65147 65182 271
65149 65171 27
65156 65198 51
65159 65180 215
65170 65216 125
65170 65208 140
65174 65183 271
65184 65211 176
65207 65252 45
65207 65255 9
65220 65228 267
65246 65278 83
65259 65270 281
65278 65299 43
65297 65321 261
65300 65336 172
65316 65337 133
65334 65372 108
65345 65368 42
65367 65375 240
65383 65412 179
65410 65411 68
65420 65435 130
65423 65442 120
65439 65464 104
65460 65482 116
65474 65514 105
65501 65533 22
65514 65540 299
65535 65556 197
65546 65558 171
65555 65569 9
65583 65628 68
65594 65595 221
65622 65636 235
65631 65675 44
65634 65671 125
65651 65694 231
65656 65693 106
65656 65660 34
65670 65691 100
65686 65697 114
65706 65728 76
65730 65753 135
65731 65776 223
65743 65744 79
65760 65762 90
65778 65779 190
65802 65828 108
65815 65816 185
65834 65847 282
65862 65863 89
65862 65863 99
65885 65893 106
65894 65924 182
65903 65940 95
65924 65941 36
65933 65950 158
65936 65957 135
65949 65960 247
65978 65986 130
66004 66053 209
66010 66044 254
66015 66041 131
66015 66045 294
66018 66042 119
66048 66050 289
66057 66099 267
66085 66131 25
66109 66122 221
66112 66160 227
66115 66148 176
66128 66156 194
66139 66184 201
66153 66189 50
66166 66201 3
66196 66206 60
66225 66251 164
66232 66274 165
66242 66265 299
66272 66321 164
66301 66322 4
66305 66354 144
66311 66324 199
66337 66377 269
66351 66356 207
66369 66419 176
66369 66392 216
66379 66426 13
66395 66414 123
66410 66419 73
66433 66476 186
66441 66463 22
66470 66475 184
66480 66518 212
66485 66526 199
66495 66520 270
66499 66520 249
66516 66566 242
66529 66550 220
66539 66559 62
66547 66551 254
66568 66596 72
66578 66583 297
66589 66614 7
66603 66650 206
66608 66646 227
66630 66665 276
66644 66677 295
66670 66696 1
66694 66728 230
66712 66740 241
66716 66721 205
66717 66754 208
66728 66756 181
66758 66759 187
66781 66816 214
66805 66837 99
66820 66834 44
66823 66864 41
66835 66854 183
66844 66852 249
66857 66898 101
66866 66868 102
66877 66925 260
66900 66909 249
66903 66913 122
66915 66958 145
66916 66956 76
66925 66956 10
66929 66960 147
66956 66964 183
66965 67015 16
66965 66966 205
66971 66988 13
66993 67043 122
67000 67033 113
67013 67027 151
67025 67027 203
67036 67048 263
67063 67094 96
67069 67082 198
67096 67142 23
67119 67156 40
67119 67161 260
67124 67125 166
67126 67155 210
67149 67165 52
67167 67208 171
67181 67213 15
67207 67211 140
67233 67272 93
67237 67280 208
67267 67289 294
67297 67302 252
67316 67322 99
67335 67360 287
67360 67377 257
67371 67383 21
67381 67420 37
67398 67410 179
67427 67470 62
67432 67482 180
67451 67459 297
67454 67463 7
67477 67518 165
67505 67508 287
67521 67542 177
67529 67578 190
67545 67568 206
67575 67618 219
67582 67591 242
67591 67626 83
67593 67628 68
67612 67636 226
67629 67650 44
67658 67695 80
67672 67694 35
67698 67708 297
67722 67744 141
67745 67754 55
67756 67797 14
67760 67790 164
67760 67798 217
67786 67806 9
67789 67808 228
67790 67794 179
67798 67841 84
67810 67825 76
67832 67844 75
67840 67863 101
67844 67883 49
67871 67916 20
67872 67877 253
67894 67929 15
67897 67943 262
67901 67918 85
67919 67961 87
67943 67953 79
67948 67988 63
67965 67972 86
67991 67996 15
68011 68018 184
68014 68025 224
68027 68036 133
68056 68103 146
68056 68087 162
68057 68061 233
68082 68126 143
68084 68089 11
68099 68118 249
68116 68141 260
68136 68162 166
68138 68151 65
68139 68182 157
68160 68194 50
68160 68186 116
68180 68182 116
68186 68204 178
68211 68247 250
68239 68261 102
68253 68297 224
68254 68287 182
68267 68284 267
68272 68307 270
68296 68324 78
68300 68323 201
68322 68343 53
68339 68382 218
68346 68385 116
68357 68385 196
68371 68402 219
68398 68441 273
68414 68463 204
68433 68456 148
68459 68509 93
68473 68485 263
68500 68548 227
68520 68544 163
68545 68554 157
68573 68589 82
68581 68596 56
68606 68637 153
68609 68637 144
68620 68664 82
68628 68631 167
68652 68670 20
68682 68685 70
68704 68728 279
68733 68755 66
68755 68757 154
68763 68765 145
68766 68802 94
68787 68798 85
68812 68840 234
68826 68852 249
68839 68849 175
68855 68898 176
68884 68927 291
68904 68954 67
68915 68926 197
68931 68976 224
68932 68946 270
68937 68962 105
68937 68987 142
68963 68985 55
68983 69013 44
69008 69038 137
69032 69080 16
69034 69073 197
69054 69060 210
69061 69095 243
69074 69090 75
69085 69098 152
69096 69143 261
69118 69154 210
69139 69148 2
69159 69208 130
69174 69186 169
69175 69196 21
69181 69195 193
69181 69197 75
69197 69229 147
69216 69248 115
69224 69251 106
69234 69255 157
69264 69300 273
69275 69325 144
69286 69303 88
69315 69334 100
69318 69362 128
69341 69387 132
69341 69388 18
69342 69363 211
69365 69370 274
69382 69385 41
69394 69427 100
69418 69467 240
69446 69451 155
69456 69496 95
69485 69526 173
69515 69553 41
69525 69574 264
69539 69587 230
69555 69586 66
69576 69591 245
69580 69616 85
69586 69609 244
69609 69639 36
69632 69634 122
69636 69661 163
69648 69665 148
69652 69678 27
69678 69683 136
69688 69705 22
69713 69756 291
69742 69788 150
69746 69791 238
69766 69794 2
69774 69796 108
69783 69784 270
69784 69812 168
69806 69856 130
69822 69842 181
69850 69875 220
69855 69881 280
69858 69862 194
69881 69925 117
69901 69915 57
69923 69969 12
69930 69931 8
69930 69954 24
69937 69947 157
69959 69999 298
69959 69975 258
69988 70022 46
69998 70048 93
70027 70077 113
70056 70075 80
70085 70101 249
70093 70138 223
70103 70107 163
70120 70164 157
70126 70137 34
70129 70174 176
70139 70140 40
70159 70192 237
70183 70228 262
70185 70213 40
70185 70207 298
70212 70216 207
70223 70261 152
70252 70302 280
70265 70269 246
70287 70304 131
70305 70319 112
70315 70356 184
70345 70395 260
70375 70404 19
70396 70401 9
70407 70456 59
70416 70428 177
70424 70459 297
70424 70457 276
70424 70460 268
70441 70454 10
70442 70447 77
70448 70471 11
70457 70488 139
70457 70502 104
70465 70486 80
70477 70512 92
70483 70521 14
70507 70539 231
70519 70562 184
70522 70567 169
70539 70550 144
70552 70566 37
70567 70600 154
70570 70592 214
70582 70627 275
70607 70629 151
70636 70645 108
70637 70662 55
70662 70676 94
70676 70702 146
70695 70716 299
70696 70730 44
70710 70758 166
70720 70731 172
70749 70791 122
70749 70773 266
70768 70805 266
70789 70802 161
70791 70796 281
70793 70837 127
70818 70850 227
70848 70860 114
70869 70879 178
70870 70905 205
70881 70924 3
70887 70913 132
70903 70918 157
70932 70967 273
70938 70964 150
70960 70997 289
70984 71026 17
70985 71028 241
71006 71009 21
71029 71073 152
71036 71066 58
71050 71086 282
71052 71064 143
71081 71101 33
71095 71117 104
71100 71116 248
71126 71138 79
71133 71144 44
71134 71154 197
71146 71171 139
71152 71156 281
71170 71194 272
71187 71197 208
71202 71250 258
71230 71245 147
71244 71267 132
71265 71315 124
71283 71332 291
71283 71294 292
71289 71323 280
71294 71338 193
71297 71343 57
71319 71355 230
71324 71363 265
71351 71352 189
71358 71371 163
71379 71404 21
71402 71410 188
71406 71456 111
71413 71451 294
71431 71445 53
71453 71479 172
71468 71507 199
71496 71530 235
71508 71556 67
71517 71565 271
71524 71555 49
71552 71588 8
71553 71566 200
71558 71592 185
71571 71590 67
71577 71584 272
71590 71611 239
71620 71640 106
71632 71658 219
71635 71645 27
71662 71678 133
71674 71717 62
71685 71725 178
71694 71730 180
71712 71713 86
71721 71734 215
71727 71728 181
71730 71770 293
71747 71753 186
71759 71795 115
71780 71782 300
71782 71791 288
71800 71819 134
71813 71861 101
71827 71828 144
71838 71879 109
71840 71875 178
71868 71910 56
71872 71905 170
71877 71878 71
71907 71932 266
71934 71935 109
71958 71983 267
71980 72008 38
72008 72041 186
72013 72036 86
72031 72072 6
72060 72096 243
72066 72105 92
72069 72105 5
72070 72120 69
72092 72126 70
72109 72149 51
72109 72134 101
72115 72133 121
72118 72130 34
72139 72153 113
72145 72165 126
72173 72193 87
72188 72199 5
72203 72247 267
72214 72227 88
72238 72257 187
72264 72281 29
72277 72278 286
72302 72324 3
72314 72331 190
72336 72337 132
72342 72372 122
72347 72397 216
72351 72373 112
72372 72391 295
72391 72392 248
72415 72455 102
72432 72461 207
72453 72500 141
72454 72460 13
72456 72487 3
72467 72512 147
72474 72509 189
72497 72538 25
72516 72526 254
72532 72548 287
72547 72552 190
72552 72554 132
72580 72628 10
72596 72607 88
72612 72632 297
72636 72662 27
72650 72664 250
72676 72691 227
72682 72725 213
72695 72736 98
72696 72708 183
72715 72733 279
72723 72725 73
72725 72756 85
72739 72751 161
72761 72763 75
72775 72791 139
72789 72797 206
72811 72848 265
72826 72868 159
72837 72850 73
72849 72873 7
72879 72926 268
72909 72954 154
72932 72946 232
72958 72966 160
72986 73019 170
73007 73015 257
73036 73066 143
73036 73057 36
73065 73096 24
73087 73106 139
73106 73148 197
73136 73138 25
73142 73161 78
73156 73166 298
73156 73205 122
73182 73187 105
73192 73200 31
73200 73220 167
73220 73253 244
73224 73229 255
73242 73243 48
73245 73253 161
73253 73273 165
73266 73272 269
73291 73325 159
73295 73339 15
73316 73342 109
73345 73352 51
73368 73383 267
73393 73406 208
73398 73440 162
73422 73449 186
73429 73443 235
73454 73465 280
73471 73473 114
73472 73475 244
73481 73483 298
73500 73519 75
73528 73530 21
73544 73562 205
73551 73597 6
73571 73599 137
73594 73644 30
73617 73659 78
73621 73663 229
73627 73667 141
73628 73634 246
73652 73688 115
73678 73723 286
73693 73741 44
73704 73730 264
73716 73750 265
73743 73769 189
73752 73779 2
73756 73788 232
73772 73787 119
73801 73809 106
73814 73853 167
73842 73884 7
73868 73894 204
73886 73922 99
73907 73920 36
73928 73948 185
73954 73998 89
73962 74009 135
73965 73967 253
73971 74019 23
73983 74017 67
74007 74038 246
74036 74060 162
74044 74050 222
74054 74063 103
74079 74088 18
74108 74132 18
74131 74150 37
74146 74157 99
74162 74166 132
74183 74189 75
74204 74227 143
74228 74271 127
74249 74265 76
74256 74261 78
74277 74301 55
74289 74302 45
74306 74337 158
74310 74318 261
74324 74369 296
74340 74350 143
74364 74388 4
74389 74416 146
74400 74413 101
74404 74439 138
74430 74471 113
74441 74468 157
74453 74477 283
74483 74488 235
74507 74536 296
74514 74545 96
74526 74527 109
74540 74576 66
74550 74569 37
74578 74596 239
74581 74617 183
74601 74633 101
74607 74645 114
74628 74677 65
74640 74689 46
74651 74658 56
74654 74692 252
74656 74706 131
74661 74709 61
74679 74681 160
74703 74741 258
74731 74751 222
74751 74779 248
74760 74790 77
74789 74801 17
74798 74845 109
74810 74834 66
74834 74851 175
74864 74886 220
74889 74934 242
74899 74942 129
74907 74950 5
74925 74954 242
74925 74927 113
74950 74954 116
74969 75009 61
74976 75007 56
74996 75020 134
75022 75033 221
75022 75048 258
75051 75057 148
75053 75060 8
75053 75063 145
75058 75082 175
75085 75118 216
75101 75110 56
